Iteration	CPUTime	PhysTime	Travels	Value	AvValue	MinValue	MaxValue	Delta	Criteria	PrevAvRefValue	Progress	CriteriaType	CriteriaVarType	CriteriaPercentage
1	3	0	0.0145840821	293.200584	293.200584	293.200584	293.200584	0	0	0	0	0	0	3
2	4	0	0.0291681642	293.201549	293.201067	293.200584	293.201549	0.000482849528	0	0	0	0	0	3
3	5	0	0.0437522463	293.203429	293.201854	293.200584	293.203429	0.0012701607	0	0	0	0	0	3
4	5	0	0.0583363284	293.206456	293.203004	293.200584	293.206456	0.00242065625	0	0	0	0	0	3
5	6	0	0.0729204105	293.21111	293.204625	293.200584	293.21111	0.00404175565	0	0	0	0	0	3
6	6	0	0.0875044927	293.22569	293.208136	293.200584	293.22569	0.00755257187	0	0	0	0	0	3
7	7	0	0.102088575	293.283853	293.218953	293.200584	293.283853	0.0183691782	0	0	0	0	0	3
8	8	0	0.116672657	293.480845	293.251689	293.200584	293.480845	0.0511056817	0	0	0	0	0	3
9	8	0	0.131256739	293.619682	293.292578	293.200584	293.619682	0.0919937884	0	0	0	0	0	3
10	9	0	0.145840821	293.697862	293.333106	293.200584	293.697862	0.132522246	0	0	0	0	0	3
11	10	0	0.160424903	297.189563	293.683693	293.200584	297.189563	0.48310927	0	0	0	0	0	3
12	10	0	0.175008985	301.039991	294.296718	293.200584	301.039991	1.09613414	0	0	0	0	0	3
13	11	0	0.189593067	303.803022	295.027972	293.200584	303.803022	1.82738827	0	0	0	0	0	3
14	12	0	0.20417715	305.915392	295.805645	293.200584	305.915392	2.60506115	0	0	0	0	0	3
15	12	0	0.218761232	307.677451	296.597099	293.200584	307.677451	3.39651487	0	0	0	0	0	3
16	13	0	0.233345314	309.958265	297.432171	293.200584	309.958265	4.23158774	0	0	0	0	0	3
17	14	0	0.247929396	311.933254	298.285176	293.200584	311.933254	5.08459262	0	0	0	0	0	3
18	14	0	0.262513478	313.701805	299.141656	293.200584	313.701805	5.94107199	0	0	0	0	0	3
19	15	0	0.27709756	315.335402	299.993958	293.200584	315.335402	6.79337442	0	0	0	0	0	3
20	16	0	0.291681642	316.874911	300.838006	293.200584	316.874911	7.63742204	0	0	0	0	0	3
21	16	0	0.306265724	319.027679	301.704181	293.200584	319.027679	8.50359696	0	0	0	0	0	3
22	17	0	0.320849806	321.050987	302.583581	293.200584	321.050987	9.38299723	0	0	0	0	0	3
23	18	0	0.335433889	322.988042	303.470731	293.200584	322.988042	10.2701477	0	0	0	0	0	3
24	18	0	0.350017971	324.861317	304.362006	293.200584	324.861317	11.1614221	0	0	0	0	0	3
25	19	0	0.364602053	326.68866	305.255072	293.200584	326.68866	12.0544883	0	0	0	0	0	3
26	20	0	0.379186135	329.30254	306.179975	293.200584	329.30254	12.9793909	0	0	0	0	0	3
27	20	0	0.393770217	331.820139	307.12961	293.200584	331.820139	13.9290266	0	0	0	0	0	3
28	21	0	0.408354299	334.247139	308.098094	293.200584	334.247139	14.8975098	0	0	0	0	0	3
29	22	0	0.422938381	336.577456	309.08014	293.200584	336.577456	15.8795568	0	0	0	0	0	3
30	22	0	0.437522463	338.801077	310.070838	293.200584	338.801077	16.8702546	0	0	0	0	0	3
31	23	0	0.452106545	341.82978	311.09532	293.200584	341.82978	17.8947366	0	0	0	0	0	3
32	24	0	0.466690628	344.567617	312.14133	293.200584	344.567617	18.9407459	0	0	0	0	0	3
33	24	0	0.48127471	347.026034	313.198442	293.200584	347.026034	19.9978581	0	0	0	0	0	3
34	25	0	0.495858792	349.227206	314.258111	293.200584	349.227206	21.0575277	0	0	0	0	0	3
35	26	0	0.510442874	351.195424	315.313463	293.200584	351.195424	22.1128795	0	0	0	0	0	3
36	26	0	0.525026956	353.641295	317.040341	293.201549	353.641295	23.8392741	0	0	0	0	0	3
37	27	0	0.539611038	355.643535	318.824397	293.203429	355.643535	25.6225435	0	0	0	0	0	3
38	28	0	0.55419512	357.275731	320.655035	293.206456	357.275731	27.4520302	0	0	0	0	0	3
39	29	0	0.568779202	358.607359	322.523632	293.21111	358.607359	29.3190064	0	0	0	0	0	3
40	29	0	0.583363284	359.694886	324.423168	293.22569	359.694886	31.215032	0	0	0	0	0	3
41	30	0	0.597947366	360.874454	326.35599	293.283853	360.874454	33.1370372	0	0	0	0	0	3
42	31	0	0.612531449	361.738345	328.311833	293.480845	361.738345	35.0601434	0	0	0	0	0	3
43	31	0	0.627115531	362.365476	330.279965	293.619682	362.365476	36.9873876	0	0	0	0	0	3
44	32	0	0.641699613	362.822496	332.257188	293.697862	362.822496	38.9240824	0	0	0	0	0	3
45	33	0	0.656283695	363.156969	334.241734	297.189563	363.156969	40.5580412	0	0	0	0	0	3
46	33	0	0.670867777	363.403101	336.13355	301.039991	363.403101	41.8368317	0	0	0	0	0	3
47	34	0	0.685451859	363.584323	337.920531	303.803022	363.584323	42.8925585	0	0	0	0	0	3
48	35	0	0.700035941	363.71819	339.632392	305.915392	363.71819	43.8267476	0	0	0	0	0	3
49	35	0	0.714620023	363.817182	341.286729	307.677451	363.817182	44.6896307	0	0	0	0	0	3
50	36	0	0.729204105	363.890417	342.892814	309.958265	363.890417	45.4606426	0	0	0	0	0	3
51	37	0	0.743788188	363.944895	344.435289	311.933254	363.944895	46.1501129	0	0	0	0	0	3
52	37	0	0.75837227	363.985363	345.922492	313.701805	363.985363	46.7808366	0	0	0	0	0	3
53	38	0	0.772956352	364.015468	347.360026	315.335402	364.015468	47.3660674	0	0	0	0	0	3
54	38	0	0.787540434	364.038162	348.751533	316.874911	364.038162	47.1632512	0	0	0	0	0	3
55	39	0	0.802124516	364.054711	350.099527	319.027679	364.054711	45.0270324	0	0	0	0	0	3
56	40	0	0.816708598	364.067101	351.386368	321.050987	364.067101	43.0161141	0	0	0	0	0	3
57	40	0	0.83129268	364.070084	352.615485	322.988042	364.070084	41.0820422	0	0	0	0	0	3
58	41	0	0.845876762	364.078808	353.789507	324.861317	364.078808	39.217491	0	0	0	0	0	3
59	42	0	0.860460844	364.084685	354.910175	326.68866	364.084685	37.3960249	0	0	0	0	0	3
60	42	0	0.875044927	364.089327	355.978765	329.30254	364.089327	34.7867865	0	0	0	0	0	3
61	43	0	0.889629009	364.093292	356.972787	331.820139	364.093292	32.2731533	0	0	0	0	0	3
62	43	0	0.904213091	364.0958	357.894948	334.247139	364.0958	29.8486608	0	0	0	0	0	3
63	44	0	0.918797173	364.097737	358.747822	336.577456	364.097737	27.5202808	0	0	0	0	0	3
64	45	0	0.933381255	364.099295	359.534161	338.801077	364.099295	25.2982181	0	0	0	0	0	3
65	45	0	0.947965337	364.100544	360.257003	341.82978	364.100544	22.2707645	0	0	0	0	0	3
66	46	0	0.962549419	364.101466	360.893337	344.567617	364.101466	19.5338495	0	0	0	0	0	3
67	46	0	0.977133501	364.102241	361.451469	347.026034	364.102241	17.0762065	0	0	0	0	0	3
68	47	0	0.991717583	364.102849	361.939378	349.227206	364.102849	14.8756423	0	0	0	0	0	3
69	47	0	1.00630167	364.103394	362.364412	351.195424	364.103394	12.9079699	2.12699898	0	16.4	0	0	3
70	48	0	1.02088575	364.103832	362.733223	353.641295	364.103832	10.4625372	2.12701211	0	20.3	0	0	3
71	49	0	1.03546983	364.104241	363.032165	355.643535	364.104241	8.46070634	2.12701825	0	25.1	0	0	3
72	49	0	1.05005391	364.104599	363.273909	357.275731	364.104599	6.82886824	2.12699898	0	31.1	0	0	3
73	50	0	1.06463799	364.104935	363.469029	358.607359	364.104935	5.49757623	2.12699898	0	38.6	0	0	3
74	50	0	1.07922208	364.10519	363.62611	359.694886	364.10519	4.4103041	2.12699898	0	48.2	0	0	3
75	51	0	1.09380616	364.105451	363.752126	360.874454	364.105451	3.23099698	2.12699898	0	65.8	0	0	3
76	52	0	1.10839024	364.105625	363.844446	361.738345	364.105625	2.36727972	2.12699898	0	89.8	0	0	3
77	52	0	1.12297432	364.105805	363.912087	362.365476	364.105805	1.74032912	2.12699898	0	100	0	0	3
