Iteration	CPUTime	PhysTime	Travels	Value	AvValue	MinValue	MaxValue	Delta	Criteria	PrevAvRefValue	Progress	CriteriaType	CriteriaVarType	CriteriaPercentage
1	3	0	0.0145840821	-1.91238541	-1.91238541	-1.91238541	-1.91238541	0	0	0	0	0	0	3
2	4	0	0.0291681642	-1.89623562	-1.90431051	-1.91238541	-1.89623562	0.00807489909	0	0	0	0	0	3
3	5	0	0.0437522463	-1.84532523	-1.88464875	-1.91238541	-1.84532523	0.0277366594	0	0	0	0	0	3
4	5	0	0.0583363284	-1.78670376	-1.86016251	-1.91238541	-1.78670376	0.052222907	0	0	0	0	0	3
5	6	0	0.0729204105	-1.7301362	-1.83415725	-1.91238541	-1.7301362	0.0782281676	0	0	0	0	0	3
6	6	0	0.0875044927	-1.70630332	-1.81284826	-1.91238541	-1.70630332	0.0995371547	0	0	0	0	0	3
7	7	0	0.102088575	-1.74556458	-1.8032363	-1.91238541	-1.70630332	0.109149109	0	0	0	0	0	3
8	8	0	0.116672657	-1.81562296	-1.80478464	-1.91238541	-1.70630332	0.109149109	0	0	0	0	0	3
9	8	0	0.131256739	-1.81555761	-1.80598163	-1.91238541	-1.70630332	0.109149109	0	0	0	0	0	3
10	9	0	0.145840821	-1.80549215	-1.80593269	-1.91238541	-1.70630332	0.109149109	0	0	0	0	0	3
11	10	0	0.160424903	1.64369437	-1.49233023	-1.91238541	1.64369437	0.420055187	0	0	0	0	0	3
12	10	0	0.175008985	2.95054849	-1.12209033	-1.91238541	2.95054849	0.79029508	0	0	0	0	0	3
13	11	0	0.189593067	3.3938921	-0.774707069	-1.91238541	3.3938921	1.13767834	0	0	0	0	0	3
14	12	0	0.20417715	3.47607209	-0.471079986	-1.91238541	3.47607209	1.44130543	0	0	0	0	0	3
15	12	0	0.218761232	3.48929765	-0.207054811	-1.91238541	3.48929765	1.7053306	0	0	0	0	0	3
16	13	0	0.233345314	3.49100046	0.0240736439	-1.91238541	3.49100046	1.93645906	0	0	0	0	0	3
17	14	0	0.247929396	3.49290441	0.228122512	-1.91238541	3.49290441	2.14050793	0	0	0	0	0	3
18	14	0	0.262513478	3.4937752	0.409547662	-1.91238541	3.4937752	2.32193307	0	0	0	0	0	3
19	15	0	0.27709756	3.49591852	0.571988233	-1.91238541	3.49591852	2.48437365	0	0	0	0	0	3
20	16	0	0.291681642	3.49638751	0.718208197	-1.91238541	3.49638751	2.63059361	0	0	0	0	0	3
21	16	0	0.306265724	3.49513629	0.850442868	-1.91238541	3.49638751	2.76282828	0	0	0	0	0	3
22	17	0	0.320849806	3.49520841	0.970659484	-1.91238541	3.49638751	2.8830449	0	0	0	0	0	3
23	18	0	0.335433889	3.49653644	1.08048022	-1.91238541	3.49653644	2.99286563	0	0	0	0	0	3
24	18	0	0.350017971	3.49600155	1.18112694	-1.91238541	3.49653644	3.09351236	0	0	0	0	0	3
25	19	0	0.364602053	3.49712119	1.27376671	-1.91238541	3.49712119	3.18615213	0	0	0	0	0	3
26	20	0	0.379186135	3.49548594	1.35921745	-1.91238541	3.49712119	3.27160287	0	0	0	0	0	3
27	20	0	0.393770217	3.4949493	1.43831863	-1.91238541	3.49712119	3.35070405	0	0	0	0	0	3
28	21	0	0.408354299	3.49579646	1.51179998	-1.91238541	3.49712119	3.4241854	0	0	0	0	0	3
29	22	0	0.422938381	3.49682925	1.58024927	-1.91238541	3.49712119	3.49263468	0	0	0	0	0	3
30	22	0	0.437522463	3.49699549	1.64414081	-1.91238541	3.49712119	3.55652622	0	0	0	0	0	3
31	23	0	0.452106545	3.49420387	1.70382026	-1.91238541	3.49712119	3.61620568	0	0	0	0	0	3
32	24	0	0.466690628	3.49435142	1.75977436	-1.91238541	3.49712119	3.67215977	0	0	0	0	0	3
33	24	0	0.48127471	3.49688907	1.8124142	-1.91238541	3.49712119	3.72479961	0	0	0	0	0	3
34	25	0	0.495858792	3.49726471	1.86196863	-1.91238541	3.49726471	3.77435404	0	0	0	0	0	3
35	26	0	0.510442874	3.49797878	1.90871177	-1.91238541	3.49797878	3.82109719	0	0	0	0	0	3
36	26	0	0.525026956	3.49755739	2.06328157	-1.89623562	3.49797878	3.96759208	0	0	0	0	0	3
37	27	0	0.539611038	3.49715744	2.21737851	-1.84532523	3.49797878	4.10202727	0	0	0	0	0	3
38	28	0	0.55419512	3.49747617	2.37002998	-1.81562296	3.49797878	4.23019249	0	0	0	0	0	3
39	29	0	0.568779202	3.49810705	2.52102458	-1.81562296	3.49810705	4.35518182	0	0	0	0	0	3
40	29	0	0.583363284	3.49863429	2.67041802	-1.81562296	3.49863429	4.48326628	0	0	0	0	0	3
41	30	0	0.597947366	3.49871899	2.81913294	-1.81562296	3.49871899	4.62511458	0	0	0	0	0	3
42	31	0	0.612531449	3.49914241	2.96898171	-1.81562296	3.49914241	4.77496335	0	0	0	0	0	3
43	31	0	0.627115531	3.49950713	3.12084257	-1.81555761	3.49950713	4.92682421	0	0	0	0	0	3
44	32	0	0.641699613	3.49969274	3.27270687	-1.80549215	3.49969274	5.07863955	0	0	0	0	0	3
45	33	0	0.656283695	3.49978934	3.42428634	1.64369437	3.49978934	1.85609497	0	0	0	0	0	3
46	33	0	0.670867777	3.49987139	3.47731997	2.95054849	3.49987139	0.549322904	0	0	0	0	0	3
47	34	0	0.685451859	3.49991294	3.4930161	3.3938921	3.49991294	0.106020844	0	0	0	0	0	3
48	35	0	0.700035941	3.4999515	3.49604637	3.47607209	3.4999515	0.0238794182	0	0	0	0	0	3
49	35	0	0.714620023	3.50000279	3.4967301	3.48929765	3.50000279	0.0107051453	0	0	0	0	0	3
50	36	0	0.729204105	3.50010775	3.49703896	3.49100046	3.50010775	0.00910728249	0	0	0	0	0	3
51	37	0	0.743788188	3.50029028	3.49730438	3.49290441	3.50029028	0.00738587795	0	0	0	0	0	3
52	37	0	0.75837227	3.49998809	3.49750677	3.4937752	3.50029028	0.00651508503	0	0	0	0	0	3
53	38	0	0.772956352	3.5000718	3.49768668	3.49420387	3.50029028	0.00608641276	0	0	0	0	0	3
54	38	0	0.787540434	3.49999638	3.49780319	3.49420387	3.50029028	0.00608641276	0	0	0	0	0	3
55	39	0	0.802124516	3.50003182	3.49790731	3.49420387	3.50029028	0.00608641276	0	0	0	0	0	3
56	40	0	0.816708598	3.50008304	3.49804865	3.49420387	3.50029028	0.00608641276	0	0	0	0	0	3
57	40	0	0.83129268	3.49909311	3.49815964	3.49420387	3.50029028	0.00608641276	0	0	0	0	0	3
58	41	0	0.845876762	3.49989775	3.49825568	3.49420387	3.50029028	0.00608641276	0	0	0	0	0	3
59	42	0	0.860460844	3.50000288	3.49837	3.49420387	3.50029028	0.00608641276	0	0	0	0	0	3
60	42	0	0.875044927	3.5000616	3.49845401	3.49420387	3.50029028	0.00608641276	0	0	0	0	0	3
61	43	0	0.889629009	3.49994177	3.49858132	3.49420387	3.50029028	0.00608641276	0	0	0	0	0	3
62	43	0	0.904213091	3.50001363	3.49872602	3.49420387	3.50029028	0.00608641276	0	0	0	0	0	3
63	44	0	0.918797173	3.50000887	3.49884637	3.49420387	3.50029028	0.00608641276	0	0	0	0	0	3
64	45	0	0.933381255	3.50003552	3.49893798	3.49420387	3.50029028	0.00608641276	0	0	0	0	0	3
65	45	0	0.947965337	3.50000867	3.49902407	3.49420387	3.50029028	0.00608641276	0	0	0	0	0	3
66	46	0	0.962549419	3.50001764	3.49919018	3.49435142	3.50029028	0.00593886062	0	0	0	0	0	3
67	46	0	0.977133501	3.50002431	3.49935226	3.49688907	3.50029028	0.00340121454	0	0	0	0	0	3
68	47	0	0.991717583	3.50002695	3.49944191	3.49715744	3.50029028	0.003132845	0	0	0	0	0	3
69	47	0	1.00630167	3.5000231	3.49952072	3.49715744	3.50029028	0.003132845	0.160368466	0	100	0	0	3
70	48	0	1.02088575	3.50002471	3.49957918	3.49715744	3.50029028	0.003132845	0.160368466	0	100	0	0	3
71	49	0	1.03546983	3.50001392	3.49964937	3.49715744	3.50029028	0.003132845	0.160368466	0	100	0	0	3
72	49	0	1.05005391	3.50002114	3.49973119	3.49747617	3.50029028	0.00281411202	0.160368466	0	100	0	0	3
73	50	0	1.06463799	3.50000981	3.49980358	3.49810705	3.50029028	0.00218323174	0.160368466	0	100	0	0	3
74	50	0	1.07922208	3.50001801	3.49985817	3.49863429	3.50029028	0.00165599301	0.160368466	0	100	0	0	3
75	51	0	1.09380616	3.50000452	3.49989732	3.49871899	3.50029028	0.00157129489	0.160368466	0	100	0	0	3
76	52	0	1.10839024	3.50001634	3.49993439	3.49909311	3.50029028	0.00119717652	0.160368466	0	100	0	0	3
77	52	0	1.12297432	3.50000246	3.49995896	3.49909311	3.50029028	0.00119717652	0.160368466	0	100	0	0	3
