Iteration	CPUTime	PhysTime	Travels
1	4	0	0.0150188172
2	5	0	0.0300376343
3	5	0	0.0450564515
4	6	0	0.0600752687
5	6	0	0.0750940858
6	7	0	0.090112903
7	8	0	0.10513172
8	8	0	0.120150537
9	9	0	0.135169354
10	10	0	0.150188172
11	11	0	0.165206989
12	11	0	0.180225806
13	12	0	0.195244623
14	13	0	0.21026344
15	14	0	0.225282257
16	14	0	0.240301075
17	15	0	0.255319892
18	16	0	0.270338709
19	17	0	0.285357526
20	17	0	0.300376343
21	18	0	0.31539516
22	19	0	0.330413978
23	20	0	0.345432795
24	21	0	0.360451612
25	22	0	0.375470429
26	23	0	0.390489246
27	23	0	0.405508063
28	24	0	0.420526881
29	25	0	0.435545698
30	26	0	0.450564515
31	28	0	0.465583332
32	29	0	0.480602149
33	31	0	0.495620966
34	32	0	0.510639784
35	33	0	0.525658601
36	34	0	0.540677418
37	36	0	0.555696235
38	37	0	0.570715052
39	38	0	0.585733869
40	39	0	0.600752687
41	40	0	0.615771504
42	41	0	0.630790321
43	42	0	0.645809138
44	42	0	0.660827955
45	44	0	0.675846772
46	44	0	0.69086559
47	45	0	0.705884407
48	46	0	0.720903224
49	47	0	0.735922041
50	48	0	0.750940858
51	49	0	0.765959675
52	50	0	0.780978493
53	51	0	0.79599731
54	52	0	0.811016127
55	53	0	0.826034944
56	54	0	0.841053761
57	55	0	0.856072578
58	56	0	0.871091396
59	57	0	0.886110213
60	58	0	0.90112903
61	60	0	0.916147847
62	60	0	0.931166664
63	61	0	0.946185481
64	62	0	0.961204299
65	63	0	0.976223116
66	64	0	0.991241933
67	65	0	1.00626075
68	66	0	1.02127957
69	67	0	1.03629838
70	68	0	1.0513172
71	69	0	1.06633602
72	70	0	1.08135484
73	71	0	1.09637365
74	71	0	1.11139247
75	72	0	1.12641129
76	73	0	1.1414301
77	74	0	1.15644892
78	75	0	1.17146774
79	77	0	1.18648656
80	78	0	1.20150537
81	79	0	1.21652419
82	80	0	1.23154301
83	81	0	1.24656182
84	82	0	1.26158064
85	83	0	1.27659946
86	84	0	1.29161828
87	85	0	1.30663709
88	86	0	1.32165591
89	87	0	1.33667473
90	87	0	1.35169354
91	89	0	1.36671236
92	90	0	1.38173118
93	91	0	1.39675
94	92	0	1.41176881
95	93	0	1.42678763
96	94	0	1.44180645
97	96	0	1.45682527
98	97	0	1.47184408
99	98	0	1.4868629
100	99	0	1.50188172
101	100	0	1.51690053
102	101	0	1.53191935
103	102	0	1.54693817
104	103	0	1.56195699
105	104	0	1.5769758
106	105	0	1.59199462
107	106	0	1.60701344
108	107	0	1.62203225
109	108	0	1.63705107
110	109	0	1.65206989
111	110	0	1.66708871
112	110	0	1.68210752
113	112	0	1.69712634
114	113	0	1.71214516
115	114	0	1.72716397
116	115	0	1.74218279
117	117	0	1.75720161
118	118	0	1.77222043
119	118	0	1.78723924
120	119	0	1.80225806
121	120	0	1.81727688
122	121	0	1.83229569
123	122	0	1.84731451
124	123	0	1.86233333
125	124	0	1.87735215
126	125	0	1.89237096
127	126	0	1.90738978
128	126	0	1.9224086
129	127	0	1.93742741
130	128	0	1.95244623
131	129	0	1.96746505
132	131	0	1.98248387
133	132	0	1.99750268
134	133	0	2.0125215
135	135	0	2.02754032
136	135	0	2.04255913
137	136	0	2.05757795
138	137	0	2.07259677
139	138	0	2.08761559
140	139	0	2.1026344
141	140	0	2.11765322
142	141	0	2.13267204
143	142	0	2.14769085
144	143	0	2.16270967
145	144	0	2.17772849
146	145	0	2.19274731
147	146	0	2.20776612
148	147	0	2.22278494
149	148	0	2.23780376
150	149	0	2.25282257
151	151	0	2.26784139
152	152	0	2.28286021
153	153	0	2.29787903
154	154	0	2.31289784
155	155	0	2.32791666
156	157	0	2.34293548
157	159	0	2.35795429
158	160	0	2.37297311
159	161	0	2.38799193
160	163	0	2.40301075
161	163	0	2.41802956
162	165	0	2.43304838
163	166	0	2.4480672
164	168	0	2.46308602
165	169	0	2.47810483
166	171	0	2.49312365
167	173	0	2.50814247
168	175	0	2.52316128
169	178	0	2.5381801
170	180	0	2.55319892
171	183	0	2.56821774
172	184	0	2.58323655
173	185	0	2.59825537
174	187	0	2.61327419
175	189	0	2.628293
176	190	0	2.64331182
177	192	0	2.65833064
178	193	0	2.67334946
179	195	0	2.68836827
180	196	0	2.70338709
181	197	0	2.71840591
182	198	0	2.73342472
183	200	0	2.74844354
184	201	0	2.76346236
185	203	0	2.77848118
186	205	0	2.79349999
187	206	0	2.80851881
188	208	0	2.82353763
189	209	0	2.83855644
190	210	0	2.85357526
191	211	0	2.86859408
192	211	0	2.8836129
193	213	0	2.89863171
194	214	0	2.91365053
195	215	0	2.92866935
196	216	0	2.94368816
197	217	0	2.95870698
198	217	0	2.9737258
199	218	0	2.98874462
200	219	0	3.00376343
201	221	0	3.01878225
202	222	0	3.03380107
203	223	0	3.04881988
204	224	0	3.0638387
205	226	0	3.07885752
206	227	0	3.09387634
207	228	0	3.10889515
208	229	0	3.12391397
209	230	0	3.13893279
210	231	0	3.1539516
211	232	0	3.16897042
212	233	0	3.18398924
213	233	0	3.19900806
214	234	0	3.21402687
215	235	0	3.22904569
216	236	0	3.24406451
217	237	0	3.25908332
218	238	0	3.27410214
219	239	0	3.28912096
220	240	0	3.30413978
221	241	0	3.31915859
222	242	0	3.33417741
223	244	0	3.34919623
224	245	0	3.36421505
225	247	0	3.37923386
226	247	0	3.39425268
227	248	0	3.4092715
228	249	0	3.42429031
229	250	0	3.43930913
230	251	0	3.45432795
231	252	0	3.46934677
232	253	0	3.48436558
233	254	0	3.4993844
234	255	0	3.51440322
235	255	0	3.52942203
236	256	0	3.54444085
237	257	0	3.55945967
238	258	0	3.57447849
239	259	0	3.5894973
240	260	0	3.60451612
241	261	0	3.61953494
242	263	0	3.63455375
243	264	0	3.64957257
244	265	0	3.66459139
245	266	0	3.67961021
246	266	0	3.69462902
247	268	0	3.70964784
248	268	0	3.72466666
249	269	0	3.73968547
250	270	0	3.75470429
251	271	0	3.76972311
252	272	0	3.78474193
253	273	0	3.79976074
254	274	0	3.81477956
255	275	0	3.82979838
256	276	0	3.84481719
257	277	0	3.85983601
258	278	0	3.87485483
259	279	0	3.88987365
260	281	0	3.90489246
261	282	0	3.91991128
262	283	0	3.9349301
263	284	0	3.94994891
264	285	0	3.96496773
265	286	0	3.97998655
266	287	0	3.99500537
267	288	0	4.01002418
