Iteration	CPUTime	PhysTime	Travels	Value	AvValue	MinValue	MaxValue	Delta	Criteria	PrevAvRefValue	Progress	CriteriaType	CriteriaVarType	CriteriaPercentage
1	4	0	0.0150188172	9.54097912e-18	9.54097912e-18	9.54097912e-18	9.54097912e-18	0	0	0	0	0	0	3
2	5	0	0.0300376343	9.97465999e-18	9.75781955e-18	9.54097912e-18	9.97465999e-18	2.16840434e-19	0	0	0	0	0	3
3	5	0	0.0450564515	5.6378513e-18	8.3844968e-18	5.6378513e-18	9.97465999e-18	1.37332275e-18	0	0	0	0	0	3
4	6	0	0.0600752687	8.23993651e-18	8.34835673e-18	5.6378513e-18	9.97465999e-18	1.40946282e-18	0	0	0	0	0	3
5	6	0	0.0750940858	6.50521303e-18	7.97972799e-18	5.6378513e-18	9.97465999e-18	1.77809156e-18	0	0	0	0	0	3
6	7	0	0.090112903	1.25767452e-17	8.74589752e-18	5.6378513e-18	1.25767452e-17	1.77809156e-18	0	0	0	0	0	3
7	8	0	0.10513172	5.6378513e-18	8.30189092e-18	5.6378513e-18	1.25767452e-17	1.77809156e-18	0	0	0	0	0	3
8	8	0	0.120150537	1.6479873e-17	9.32413868e-18	5.6378513e-18	1.6479873e-17	1.77809156e-18	0	0	0	0	0	3
9	9	0	0.135169354	9.54097912e-18	9.34823206e-18	5.6378513e-18	1.6479873e-17	1.77809156e-18	0	0	0	0	0	3
10	10	0	0.150188172	1.82145965e-17	1.02348685e-17	5.6378513e-18	1.82145965e-17	2.25514052e-18	0	0	0	0	0	3
11	11	0	0.165206989	1.30104261e-18	9.42270252e-18	1.30104261e-18	1.82145965e-17	2.25514052e-18	0	0	0	0	0	3
12	11	0	0.180225806	1.69135539e-17	1.00469401e-17	1.30104261e-18	1.82145965e-17	2.25514052e-18	0	0	0	0	0	3
13	12	0	0.195244623	6.07153217e-18	9.74113952e-18	1.30104261e-18	1.82145965e-17	2.25514052e-18	0	0	0	0	0	3
14	13	0	0.21026344	1.34441069e-17	1.00056372e-17	1.30104261e-18	1.82145965e-17	2.25514052e-18	0	0	0	0	0	3
15	14	0	0.225282257	1.38777878e-17	1.02637806e-17	1.30104261e-18	1.82145965e-17	2.28405258e-18	0	0	0	0	0	3
16	14	0	0.240301075	2.16840434e-18	9.75781955e-18	1.30104261e-18	1.82145965e-17	2.28405258e-18	0	0	0	0	0	3
17	15	0	0.255319892	-2.16840434e-18	9.05627697e-18	-2.16840434e-18	1.82145965e-17	2.28405258e-18	0	0	0	0	0	3
18	16	0	0.270338709	6.50521303e-18	8.9145512e-18	-2.16840434e-18	1.82145965e-17	2.28405258e-18	0	0	0	0	0	3
19	17	0	0.285357526	5.20417043e-18	8.719268e-18	-2.16840434e-18	1.82145965e-17	2.28405258e-18	0	0	0	0	0	3
20	17	0	0.300376343	1.25767452e-17	8.91214186e-18	-2.16840434e-18	1.82145965e-17	2.28405258e-18	0	0	0	0	0	3
21	18	0	0.31539516	-8.67361738e-19	8.44645121e-18	-2.16840434e-18	1.82145965e-17	2.28405258e-18	0	0	0	0	0	3
22	19	0	0.330413978	-2.16840434e-18	7.96395778e-18	-2.16840434e-18	1.82145965e-17	2.29982279e-18	0	0	0	0	0	3
23	20	0	0.345432795	2.60208521e-18	7.73083288e-18	-2.16840434e-18	1.82145965e-17	2.53294768e-18	0	0	0	0	0	3
24	21	0	0.360451612	-8.67361738e-19	7.37257477e-18	-2.16840434e-18	1.82145965e-17	2.89120579e-18	0	0	0	0	0	3
25	22	0	0.375470429	7.37257477e-18	7.37257477e-18	-2.16840434e-18	1.82145965e-17	2.89120579e-18	0	0	0	0	0	3
26	23	0	0.390489246	5.20417043e-18	7.28917461e-18	-2.16840434e-18	1.82145965e-17	2.97460596e-18	0	0	0	0	0	3
27	23	0	0.405508063	5.20417043e-18	7.21195223e-18	-2.16840434e-18	1.82145965e-17	3.05182834e-18	0	0	0	0	0	3
28	24	0	0.420526881	1.04083409e-17	7.32610897e-18	-2.16840434e-18	1.82145965e-17	3.05182834e-18	0	0	0	0	0	3
29	25	0	0.435545698	4.77048956e-18	7.23798416e-18	-2.16840434e-18	1.82145965e-17	3.05182834e-18	0	0	0	0	0	3
30	26	0	0.450564515	4.77048956e-18	7.15573434e-18	-2.16840434e-18	1.82145965e-17	3.10804623e-18	0	0	0	0	0	3
31	28	0	0.465583332	7.37257477e-18	7.16272919e-18	-2.16840434e-18	1.82145965e-17	3.10804623e-18	0	0	0	0	0	3
32	29	0	0.480602149	1.25767452e-17	7.33191719e-18	-2.16840434e-18	1.82145965e-17	3.10804623e-18	0	0	0	0	0	3
33	31	0	0.495620966	1.34441069e-17	7.51713506e-18	-2.16840434e-18	1.82145965e-17	3.10804623e-18	0	0	0	0	0	3
34	32	0	0.510639784	1.12757026e-17	7.62768117e-18	-2.16840434e-18	1.82145965e-17	3.10804623e-18	0	0	0	0	0	3
35	33	0	0.525658601	3.46944695e-18	7.44910669e-18	-2.16840434e-18	1.82145965e-17	3.10804623e-18	0	0	0	0	0	3
36	34	0	0.540677418	1.17093835e-17	7.50012797e-18	-2.16840434e-18	1.82145965e-17	3.10804623e-18	0	0	0	0	0	3
37	36	0	0.555696235	7.80625564e-18	7.56390457e-18	-2.16840434e-18	1.82145965e-17	3.10804623e-18	0	0	0	0	0	3
38	37	0	0.570715052	1.73472348e-18	7.37257477e-18	-2.16840434e-18	1.82145965e-17	3.10804623e-18	0	0	0	0	0	3
39	38	0	0.585733869	8.67361738e-18	7.43635137e-18	-2.16840434e-18	1.82145965e-17	3.10804623e-18	0	0	0	0	0	3
40	39	0	0.600752687	8.89045781e-18	7.32793115e-18	-2.16840434e-18	1.82145965e-17	3.10804623e-18	0	0	0	0	0	3
41	40	0	0.615771504	5.6378513e-18	7.32793115e-18	-2.16840434e-18	1.82145965e-17	3.10804623e-18	0	0	0	0	0	3
42	41	0	0.630790321	1.6479873e-17	7.32793115e-18	-2.16840434e-18	1.82145965e-17	3.10804623e-18	0	0	0	0	0	3
43	42	0	0.645809138	2.16840434e-18	7.11109072e-18	-2.16840434e-18	1.82145965e-17	3.15268985e-18	0	0	0	0	0	3
44	42	0	0.660827955	1.17093835e-17	6.91976092e-18	-2.16840434e-18	1.69135539e-17	3.34401964e-18	0	0	0	0	0	3
45	44	0	0.675846772	1.38777878e-17	7.2896652e-18	-2.16840434e-18	1.69135539e-17	3.34401964e-18	0	0	0	0	0	3
46	44	0	0.69086559	3.7947076e-18	6.90381677e-18	-2.16840434e-18	1.6479873e-17	3.35996379e-18	0	0	0	0	0	3
47	45	0	0.705884407	1.2468325e-18	6.76191384e-18	-2.16840434e-18	1.6479873e-17	3.50186672e-18	0	0	0	0	0	3
48	46	0	0.720903224	1.62630326e-18	6.41433138e-18	-2.16840434e-18	1.6479873e-17	3.84944918e-18	0	0	0	0	0	3
49	47	0	0.735922041	1.19262239e-18	6.04123828e-18	-2.16840434e-18	1.6479873e-17	3.71658127e-18	0	0	0	0	0	3
50	48	0	0.750940858	2.00577402e-18	6.03645504e-18	-2.16840434e-18	1.6479873e-17	3.01982193e-18	0	0	0	0	0	3
51	49	0	0.765959675	4.06575815e-19	6.11218975e-18	-2.16840434e-18	1.6479873e-17	2.87809616e-18	0	0	0	0	0	3
52	50	0	0.780978493	4.60785923e-19	5.93441248e-18	-2.16840434e-18	1.6479873e-17	2.97772938e-18	0	0	0	0	0	3
53	51	0	0.79599731	8.94466792e-19	5.80765649e-18	-2.16840434e-18	1.6479873e-17	3.10448537e-18	0	0	0	0	0	3
54	52	0	0.811016127	9.08019319e-19	5.46445867e-18	-2.16840434e-18	1.6479873e-17	2.98199254e-18	0	0	0	0	0	3
55	53	0	0.826034944	2.57498016e-19	5.49754278e-18	-2.16840434e-18	1.6479873e-17	2.49949911e-18	0	0	0	0	0	3
56	54	0	0.841053761	1.62630326e-19	5.56610262e-18	-8.67361738e-19	1.6479873e-17	2.26637421e-18	0	0	0	0	0	3
57	55	0	0.856072578	7.86046575e-19	5.51268972e-18	-8.67361738e-19	1.6479873e-17	2.1632225e-18	0	0	0	0	0	3
58	56	0	0.871091396	1.2468325e-18	5.57487191e-18	1.62630326e-19	1.6479873e-17	2.1632225e-18	0	0	0	0	0	3
59	57	0	0.886110213	3.7947076e-19	5.36919238e-18	1.62630326e-19	1.6479873e-17	2.25848879e-18	0	0	0	0	0	3
60	58	0	0.90112903	2.71050543e-18	5.29584929e-18	1.62630326e-19	1.6479873e-17	2.33183188e-18	0	0	0	0	0	3
61	60	0	0.916147847	2.81892565e-18	5.22569503e-18	1.62630326e-19	1.6479873e-17	2.40198614e-18	0	0	0	0	0	3
62	60	0	0.931166664	4.33680869e-19	4.93232268e-18	1.62630326e-19	1.6479873e-17	2.69535849e-18	0	0	0	0	0	3
63	61	0	0.946185481	-4.77048956e-18	4.65170564e-18	-4.77048956e-18	1.6479873e-17	2.97597552e-18	0	0	0	0	0	3
64	62	0	0.961204299	3.03576608e-18	4.60068437e-18	-4.77048956e-18	1.6479873e-17	3.0269968e-18	0	0	0	0	0	3
65	63	0	0.976223116	6.50521303e-18	4.57517373e-18	-4.77048956e-18	1.6479873e-17	3.05250744e-18	0	0	0	0	0	3
66	64	0	0.991241933	7.80625564e-18	4.43486521e-18	-4.77048956e-18	1.6479873e-17	3.19281596e-18	0	0	0	0	0	3
67	65	0	1.00626075	2.493665e-18	4.11279339e-18	-4.77048956e-18	1.6479873e-17	3.51488778e-18	3.10649372e-05	0	100	0	0	3
68	66	0	1.02127957	3.57786717e-18	3.88638646e-18	-4.77048956e-18	1.6479873e-17	3.6775181e-18	2.55668354e-05	0	100	0	0	3
69	67	0	1.03629838	-2.16840434e-19	3.77796625e-18	-4.77048956e-18	1.6479873e-17	3.78593832e-18	1.7392529e-05	0	100	0	0	3
70	68	0	1.0513172	6.77626358e-19	3.4535028e-18	-4.77048956e-18	1.6479873e-17	4.11040177e-18	1.14291337e-05	0	100	0	0	3
71	69	0	1.06633602	3.11708125e-19	3.23307493e-18	-4.77048956e-18	1.6479873e-17	4.20327644e-18	5.98793362e-06	0	100	0	0	3
72	70	0	1.08135484	4.06575815e-19	3.19401177e-18	-4.77048956e-18	1.6479873e-17	4.2423396e-18	4.79085675e-06	0	100	0	0	3
73	71	0	1.09637365	2.16840434e-19	2.94528303e-18	-4.77048956e-18	1.6479873e-17	4.38264812e-18	4.21592834e-06	0	100	0	0	3
74	71	0	1.11139247	0	2.68379898e-18	-4.77048956e-18	1.6479873e-17	4.64413217e-18	5.5872964e-06	0	100	0	0	3
75	72	0	1.12641129	-1.35525272e-20	2.51758122e-18	-4.77048956e-18	1.6479873e-17	4.81034993e-18	6.50669602e-06	0	100	0	0	3
76	73	0	1.1414301	1.05709712e-18	2.06397017e-18	-4.77048956e-18	1.38777878e-17	5.22569503e-18	8.59075395e-06	0	100	0	0	3
77	74	0	1.15644892	6.50521303e-19	2.01932655e-18	-4.77048956e-18	1.38777878e-17	5.27033865e-18	1.0454094e-05	0	100	0	0	3
78	75	0	1.17146774	3.7947076e-19	1.68609382e-18	-4.77048956e-18	1.38777878e-17	5.60357138e-18	1.39467754e-05	0	100	0	0	3
79	77	0	1.18648656	1.8973538e-18	1.33372811e-18	-4.77048956e-18	7.80625564e-18	5.57008866e-18	1.90773466e-05	0	100	0	0	3
80	78	0	1.20150537	8.67361738e-19	1.24762971e-18	-4.77048956e-18	7.80625564e-18	5.51428414e-18	2.74067551e-05	0	100	0	0	3
81	79	0	1.21652419	6.9388939e-18	1.41504328e-18	-4.77048956e-18	7.80625564e-18	5.16670168e-18	4.72431512e-05	0	100	0	0	3
82	80	0	1.23154301	2.55871713e-17	2.11977469e-18	-4.77048956e-18	2.55871713e-17	4.86456004e-18	0.000140190557	0	100	0	0	3
83	81	0	1.24656182	3.90312782e-18	2.19949544e-18	-4.77048956e-18	2.55871713e-17	4.86456004e-18	0.000138570075	0	100	0	0	3
84	82	0	1.26158064	4.33680869e-18	2.26805528e-18	-4.77048956e-18	2.55871713e-17	4.86456004e-18	0.000131425629	0	100	0	0	3
85	83	0	1.27659946	1.08420217e-17	2.57498016e-18	-4.77048956e-18	2.55871713e-17	4.68678277e-18	0.00012519583	0	100	0	0	3
86	84	0	1.29161828	4.33680869e-19	2.57418295e-18	-4.77048956e-18	2.55871713e-17	4.56002678e-18	2.18029006e-05	0	100	0	0	3
87	85	0	1.30663709	5.42101086e-19	2.56381925e-18	-4.77048956e-18	2.55871713e-17	4.3272422e-18	1.01373146e-05	0	100	0	0	3
88	86	0	1.32165591	1.02999206e-18	2.56740669e-18	-4.77048956e-18	2.55871713e-17	4.3272422e-18	9.64172861e-06	0	100	0	0	3
89	87	0	1.33667473	9.48676901e-20	2.56262344e-18	-4.77048956e-18	2.55871713e-17	4.3272422e-18	4.94599755e-06	0	100	0	0	3
90	87	0	1.35169354	2.64697796e-21	2.55791805e-18	-4.77048956e-18	2.55871713e-17	4.3272422e-18	3.38160785e-08	0	100	0	0	3
91	89	0	1.36671236	6.60685699e-20	2.53674223e-18	-4.77048956e-18	2.55871713e-17	4.3272422e-18	7.03897908e-07	0	100	0	0	3
92	90	0	1.38173118	2.23616698e-19	2.50664765e-18	-4.77048956e-18	2.55871713e-17	4.12156267e-18	1.94391807e-06	0	100	0	0	3
93	91	0	1.39675	3.38813179e-19	2.50545183e-18	-4.77048956e-18	2.55871713e-17	4.04821958e-18	3.64743252e-06	0	100	0	0	3
94	92	0	1.41176881	3.11708125e-19	2.43489897e-18	-4.77048956e-18	2.55871713e-17	3.97806532e-18	6.65560041e-06	0	100	0	0	3
95	93	0	1.42678763	8.40256684e-19	2.37670283e-18	-4.77048956e-18	2.55871713e-17	3.68469297e-18	1.04658757e-05	0	100	0	0	3
96	94	0	1.44180645	1.30104261e-18	2.40221347e-18	-4.77048956e-18	2.55871713e-17	3.40407594e-18	1.50578122e-05	0	100	0	0	3
97	96	0	1.45682527	1.19262239e-18	2.57759911e-18	-2.16840434e-19	2.55871713e-17	3.35305466e-18	2.06078346e-05	0	100	0	0	3
98	97	0	1.47184408	2.16840434e-18	2.55208847e-18	-2.16840434e-19	2.55871713e-17	3.32754402e-18	3.01453493e-05	0	100	0	0	3
99	98	0	1.4868629	6.72205347e-18	2.55846613e-18	-2.16840434e-19	2.55871713e-17	3.1872355e-18	6.94747268e-05	0	100	0	0	3
100	99	0	1.50188172	1.30104261e-17	2.71152997e-18	-2.16840434e-19	2.55871713e-17	2.86516368e-18	0.000144306581	0	100	0	0	3
101	100	0	1.51690053	1.56125113e-17	3.09737839e-18	-2.16840434e-19	2.55871713e-17	2.63875676e-18	0.000136621093	0	100	0	0	3
102	101	0	1.53191935	2.60208521e-18	3.06867892e-18	-2.16840434e-19	2.55871713e-17	2.53033654e-18	0.00012957353	0	100	0	0	3
103	102	0	1.54693817	0	3.07505658e-18	-1.35525272e-20	2.55871713e-17	2.2058731e-18	0.000123909407	0	100	0	0	3
104	103	0	1.56195699	1.62630326e-18	3.10295884e-18	-1.35525272e-20	2.55871713e-17	1.98544523e-18	2.298903e-05	0	100	0	0	3
105	104	0	1.5769758	9.21571847e-19	3.12089601e-18	-1.35525272e-20	2.55871713e-17	1.94638206e-18	1.40648419e-05	0	100	0	0	3
106	105	0	1.59199462	5.14996032e-19	3.12408484e-18	-1.35525272e-20	2.55871713e-17	1.87645513e-18	1.03921899e-05	0	100	0	0	3
107	106	0	1.60701344	-5.42101086e-20	3.11611276e-18	-5.42101086e-20	2.55871713e-17	1.87645513e-18	4.92688642e-06	0	100	0	0	3
108	107	0	1.62203225	1.69406589e-20	3.11661102e-18	-5.42101086e-20	2.55871713e-17	1.87645513e-18	2.08818986e-07	0	100	0	0	3
109	108	0	1.63705107	1.86347248e-19	3.12249042e-18	-5.42101086e-20	2.55871713e-17	1.87645513e-18	1.622216e-06	0	100	0	0	3
110	109	0	1.65206989	2.23616698e-19	3.09797629e-18	-5.42101086e-20	2.55871713e-17	1.87645513e-18	2.48592789e-06	0	100	0	0	3
111	110	0	1.66708871	2.16840434e-19	3.08522097e-18	-5.42101086e-20	2.55871713e-17	1.87645513e-18	4.23644229e-06	0	100	0	0	3
112	110	0	1.68210752	6.50521303e-19	3.09319305e-18	-5.42101086e-20	2.55871713e-17	1.87645513e-18	6.99385877e-06	0	100	0	0	3
113	112	0	1.69712634	7.31836466e-19	3.05891313e-18	-5.42101086e-20	2.55871713e-17	1.87645513e-18	1.03873973e-05	0	100	0	0	3
114	113	0	1.71214516	1.2468325e-18	3.07007403e-18	-5.42101086e-20	2.55871713e-17	1.70904156e-18	1.47297057e-05	0	100	0	0	3
115	114	0	1.72716397	1.62630326e-18	2.91382137e-18	-5.42101086e-20	2.55871713e-17	1.00431015e-18	2.0123981e-05	0	100	0	0	3
116	115	0	1.74218279	4.11996826e-18	2.28243304e-18	-5.42101086e-20	1.56125113e-17	9.24589401e-19	2.85096157e-05	0	100	0	0	3
117	117	0	1.75720161	7.58941521e-18	2.39085326e-18	-5.42101086e-20	1.56125113e-17	8.56029558e-19	5.4012969e-05	0	100	0	0	3
118	118	0	1.77222043	1.17093835e-17	2.60769369e-18	-5.42101086e-20	1.56125113e-17	8.41651797e-19	0.000143749679	0	100	0	0	3
119	118	0	1.78723924	1.95156391e-17	2.86280009e-18	-5.42101086e-20	1.95156391e-17	8.41651797e-19	0.000136368892	0	100	0	0	3
120	119	0	1.80225806	1.30104261e-17	3.23270436e-18	-5.42101086e-20	1.95156391e-17	9.50271316e-19	0.000129587675	0	100	0	0	3
121	120	0	1.81727688	8.67361738e-18	3.4718666e-18	-5.42101086e-20	1.95156391e-17	1.18943356e-18	0.000123891834	0	100	0	0	3
122	121	0	1.83229569	2.98155597e-18	3.52926554e-18	-5.42101086e-20	1.95156391e-17	1.2468325e-18	2.33395879e-05	0	100	0	0	3
123	122	0	1.84731451	1.19262239e-18	3.56155244e-18	-5.42101086e-20	1.95156391e-17	1.2791194e-18	1.39551704e-05	0	100	0	0	3
124	123	0	1.86233333	9.21571847e-19	3.58857964e-18	-5.42101086e-20	1.95156391e-17	1.3061466e-18	9.88795094e-06	0	100	0	0	3
125	124	0	1.87735215	4.87890978e-19	3.60098619e-18	-5.42101086e-20	1.95156391e-17	1.31855314e-18	4.6583853e-06	0	100	0	0	3
126	125	0	1.89237096	4.87043945e-21	3.59455247e-18	-5.42101086e-20	1.95156391e-17	1.31855314e-18	6.78562621e-08	0	100	0	0	3
127	126	0	1.90738978	2.71050543e-19	3.59255945e-18	-5.42101086e-20	1.95156391e-17	1.31855314e-18	1.93206696e-06	0	100	0	0	3
128	126	0	1.9224086	3.32036915e-19	3.59315736e-18	-5.42101086e-20	1.95156391e-17	1.31855314e-18	2.6287311e-06	0	100	0	0	3
129	127	0	1.93742741	4.06575815e-19	3.58040204e-18	-5.42101086e-20	1.95156391e-17	1.31855314e-18	4.92817117e-06	0	100	0	0	3
130	128	0	1.95244623	1.35525272e-19	3.54612212e-18	-5.42101086e-20	1.95156391e-17	1.31855314e-18	7.487861e-06	0	100	0	0	3
131	129	0	1.96746505	1.62630326e-18	3.55887744e-18	-5.42101086e-20	1.95156391e-17	1.31855314e-18	1.08747454e-05	0	100	0	0	3
132	131	0	1.98248387	-5.42101086e-20	3.49350642e-18	-5.42101086e-20	1.95156391e-17	1.31855314e-18	1.54276296e-05	0	100	0	0	3
133	132	0	1.99750268	2.16840434e-18	3.35957557e-18	-5.42101086e-20	1.95156391e-17	1.31855314e-18	2.06300007e-05	0	100	0	0	3
134	133	0	2.0125215	3.03576608e-18	3.06620322e-18	-5.42101086e-20	1.95156391e-17	1.31855314e-18	3.00849156e-05	0	100	0	0	3
135	135	0	2.02754032	7.80625564e-18	2.83660746e-18	-5.42101086e-20	1.95156391e-17	1.31855314e-18	6.89890521e-05	0	100	0	0	3
136	135	0	2.04255913	1.34441069e-17	3.15549045e-18	-5.42101086e-20	1.95156391e-17	1.31855314e-18	0.000144334581	0	100	0	0	3
137	136	0	2.05757795	6.07153217e-18	3.33406493e-18	-5.42101086e-20	1.95156391e-17	1.31855314e-18	0.000136593906	0	100	0	0	3
138	137	0	2.07259677	1.17093835e-17	3.63062611e-18	-5.42101086e-20	1.95156391e-17	1.34819307e-18	0.000129502372	0	100	0	0	3
139	138	0	2.08761559	1.30104261e-18	3.64178702e-18	-5.42101086e-20	1.95156391e-17	1.35935397e-18	0.000123854149	0	100	0	0	3
140	139	0	2.1026344	1.8973538e-18	3.6824446e-18	-5.42101086e-20	1.95156391e-17	1.40001156e-18	2.27708322e-05	0	100	0	0	3
141	140	0	2.11765322	1.02999206e-18	3.7143329e-18	-5.42101086e-20	1.95156391e-17	1.43189986e-18	1.38188925e-05	0	100	0	0	3
142	141	0	2.13267204	5.69206141e-19	3.730576e-18	-5.42101086e-20	1.95156391e-17	1.44814296e-18	1.04505277e-05	0	100	0	0	3
143	142	0	2.14769085	4.7433845e-19	3.73904633e-18	-5.42101086e-20	1.95156391e-17	1.45661329e-18	4.96696713e-06	0	100	0	0	3
144	143	0	2.16270967	1.18584613e-20	3.73281814e-18	-5.42101086e-20	1.95156391e-17	1.45661329e-18	7.40764997e-07	0	100	0	0	3
145	144	0	2.17772849	1.49077799e-19	3.73082513e-18	-5.42101086e-20	1.95156391e-17	1.45661329e-18	1.9895941e-06	0	100	0	0	3
146	145	0	2.19274731	2.91379334e-19	3.72026213e-18	-5.42101086e-20	1.95156391e-17	1.45661329e-18	2.57618552e-06	0	100	0	0	3
147	146	0	2.20776612	5.42101086e-19	3.71468167e-18	-5.42101086e-20	1.95156391e-17	1.45661329e-18	4.79345847e-06	0	100	0	0	3
148	147	0	2.22278494	8.40256684e-19	3.70272356e-18	-5.42101086e-20	1.95156391e-17	1.45661329e-18	7.28011222e-06	0	100	0	0	3
149	148	0	2.23780376	8.94466792e-19	3.68119896e-18	-5.42101086e-20	1.95156391e-17	1.45661329e-18	1.08231267e-05	0	100	0	0	3
150	149	0	2.25282257	1.19262239e-18	3.59510055e-18	-5.42101086e-20	1.95156391e-17	1.34819307e-18	1.53300391e-05	0	100	0	0	3
151	151	0	2.26784139	3.25260652e-18	3.46754736e-18	-5.42101086e-20	1.95156391e-17	1.13135264e-18	2.05303808e-05	0	100	0	0	3
152	152	0	2.28286021	1.19262239e-18	3.15823085e-18	-5.42101086e-20	1.95156391e-17	9.02438867e-19	2.90453739e-05	0	100	0	0	3
153	153	0	2.29787903	8.67361738e-19	2.60975211e-18	-5.42101086e-20	1.34441069e-17	1.12929422e-18	5.79029705e-05	0	100	0	0	3
154	154	0	2.31289784	8.67361738e-18	2.48219891e-18	-5.42101086e-20	1.34441069e-17	1.25684742e-18	0.000143882197	0	100	0	0	3
155	155	0	2.32791666	1.38777878e-17	2.63526275e-18	-5.42101086e-20	1.38777878e-17	1.25684742e-18	0.00013625696	0	100	0	0	3
156	157	0	2.34293548	-1.73472348e-18	2.49654865e-18	-1.73472348e-18	1.38777878e-17	1.25684742e-18	0.000129409872	0	100	0	0	3
157	159	0	2.35795429	7.37257477e-18	2.67831195e-18	-1.73472348e-18	1.38777878e-17	1.25684742e-18	0.000123709396	0	100	0	0	3
158	160	0	2.37297311	2.60208521e-18	2.72773881e-18	-1.73472348e-18	1.38777878e-17	1.25684742e-18	2.35401167e-05	0	100	0	0	3
159	161	0	2.38799193	1.57209315e-18	2.75962711e-18	-1.73472348e-18	1.38777878e-17	1.25684742e-18	1.45214844e-05	0	100	0	0	3
160	163	0	2.40301075	4.60785923e-19	2.77303639e-18	-1.73472348e-18	1.38777878e-17	1.25684742e-18	1.028605e-05	0	100	0	0	3
161	163	0	2.41802956	1.49077799e-19	2.76944896e-18	-1.73472348e-18	1.38777878e-17	1.25684742e-18	4.93982395e-06	0	100	0	0	3
162	165	0	2.43304838	7.11507676e-20	2.76177584e-18	-1.73472348e-18	1.38777878e-17	1.25684742e-18	8.43190843e-07	0	100	0	0	3
163	166	0	2.4480672	0	2.74981773e-18	-1.73472348e-18	1.38777878e-17	1.25684742e-18	2.28878164e-06	0	100	0	0	3
164	168	0	2.46308602	2.23616698e-19	2.75240865e-18	-1.73472348e-18	1.38777878e-17	1.25684742e-18	2.80242303e-06	0	100	0	0	3
165	169	0	2.47810483	2.03287907e-19	2.71055526e-18	-1.73472348e-18	1.38777878e-17	1.25684742e-18	4.91229265e-06	0	100	0	0	3
166	171	0	2.49312365	5.42101086e-19	2.72809382e-18	-1.73472348e-18	1.38777878e-17	1.25684742e-18	7.56229811e-06	0	100	0	0	3
167	173	0	2.50814247	7.04731412e-19	2.68504462e-18	-1.73472348e-18	1.38777878e-17	1.25684742e-18	1.10617388e-05	0	100	0	0	3
168	175	0	2.52316128	1.08420217e-18	2.62764568e-18	-1.73472348e-18	1.38777878e-17	1.25684742e-18	1.54736501e-05	0	100	0	0	3
169	178	0	2.5381801	3.1441863e-18	2.49052599e-18	-1.73472348e-18	1.38777878e-17	1.25684742e-18	2.0908565e-05	0	100	0	0	3
170	180	0	2.55319892	2.27682456e-18	2.16207651e-18	-1.73472348e-18	1.38777878e-17	1.57696982e-18	3.00908767e-05	0	100	0	0	3
171	183	0	2.56821774	3.68628739e-18	2.09192225e-18	-1.73472348e-18	1.38777878e-17	1.64712408e-18	6.43440013e-05	0	100	0	0	3
172	184	0	2.58323655	8.23993651e-18	1.98987969e-18	-1.73472348e-18	1.38777878e-17	1.74916663e-18	0.00014390018	0	100	0	0	3
173	185	0	2.59825537	7.37257477e-18	2.16845417e-18	-1.73472348e-18	1.38777878e-17	1.74916663e-18	0.000136245129	0	100	0	0	3
174	187	0	2.61327419	9.54097912e-18	2.39326668e-18	-1.73472348e-18	1.38777878e-17	1.74916663e-18	0.000129305772	0	100	0	0	3
175	189	0	2.628293	1.60461922e-17	2.83491962e-18	-1.73472348e-18	1.60461922e-17	1.74916663e-18	0.000123660529	0	100	0	0	3
176	190	0	2.64331182	2.38524478e-18	2.88833252e-18	-1.73472348e-18	1.60461922e-17	1.74916663e-18	2.32595293e-05	0	100	0	0	3
177	192	0	2.65833064	1.46367293e-18	2.9174306e-18	-1.73472348e-18	1.60461922e-17	1.74293845e-18	1.43953519e-05	0	100	0	0	3
178	193	0	2.67334946	1.16551734e-18	2.95136174e-18	-1.73472348e-18	1.60461922e-17	1.74094543e-18	1.04445657e-05	0	100	0	0	3
179	195	0	2.68836827	-2.16840434e-19	2.94059944e-18	-1.73472348e-18	1.60461922e-17	1.73038243e-18	5.17494822e-06	0	100	0	0	3
180	196	0	2.70338709	1.66018458e-19	2.93691236e-18	-1.73472348e-18	1.60461922e-17	1.72480198e-18	1.0776646e-06	0	100	0	0	3
181	197	0	2.71840591	3.32036915e-19	2.930734e-18	-1.73472348e-18	1.60461922e-17	1.71284387e-18	2.11304987e-06	0	100	0	0	3
182	198	0	2.73342472	2.43945489e-19	2.91319543e-18	-1.73472348e-18	1.60461922e-17	1.69131927e-18	2.75142042e-06	0	100	0	0	3
183	200	0	2.74844354	2.16840434e-19	2.89326525e-18	-1.73472348e-18	1.60461922e-17	1.60522086e-18	4.98678558e-06	0	100	0	0	3
184	201	0	2.76346236	4.06575815e-19	2.87014623e-18	-1.73472348e-18	1.60461922e-17	1.47766766e-18	7.64053375e-06	0	100	0	0	3
185	203	0	2.77848118	1.21972744e-18	2.81035567e-18	-1.73472348e-18	1.60461922e-17	1.16835116e-18	1.07060195e-05	0	100	0	0	3
186	205	0	2.79349999	8.13151629e-19	2.79919476e-18	-1.73472348e-18	1.60461922e-17	9.61482046e-19	1.54535499e-05	0	100	0	0	3
187	206	0	2.80851881	1.08420217e-18	2.80557242e-18	-1.73472348e-18	1.60461922e-17	9.61482046e-19	2.06227581e-05	0	100	0	0	3
188	208	0	2.82353763	1.40946282e-18	2.59192082e-18	-1.73472348e-18	1.60461922e-17	9.61482046e-19	2.9863695e-05	0	100	0	0	3
189	209	0	2.83855644	8.67361738e-19	2.20926123e-18	-1.73472348e-18	1.60461922e-17	9.61482046e-19	6.46950216e-05	0	100	0	0	3
190	210	0	2.85357526	9.97465999e-18	2.55365486e-18	-2.16840434e-19	1.60461922e-17	9.61482046e-19	0.000144000303	0	100	0	0	3
191	211	0	2.86859408	9.10729825e-18	2.60467614e-18	-2.16840434e-19	1.60461922e-17	9.61482046e-19	0.000136308782	0	100	0	0	3
192	211	0	2.8836129	2.25514052e-17	3.19142084e-18	-2.16840434e-19	2.25514052e-17	1.20154115e-18	0.000129336583	0	100	0	0	3
193	213	0	2.89863171	1.17093835e-17	3.48957644e-18	-2.16840434e-19	2.25514052e-17	1.49969675e-18	0.000123671206	0	100	0	0	3
194	214	0	2.91365053	2.43945489e-18	3.54777259e-18	-2.16840434e-19	2.25514052e-17	1.55789289e-18	2.31693874e-05	0	100	0	0	3
195	215	0	2.92866935	1.46367293e-18	3.58643715e-18	-2.16840434e-19	2.25514052e-17	1.59655745e-18	1.43006211e-05	0	100	0	0	3
196	216	0	2.94368816	6.23416249e-19	3.60268025e-18	-2.16840434e-19	2.25514052e-17	1.61280056e-18	1.05574163e-05	0	100	0	0	3
197	217	0	2.95870698	5.42101086e-20	3.60427467e-18	-2.16840434e-19	2.25514052e-17	1.61439497e-18	5.38088566e-06	0	100	0	0	3
198	217	0	2.9737258	6.4374504e-20	3.59959107e-18	-2.16840434e-19	2.25514052e-17	1.61439497e-18	1.23411321e-06	0	100	0	0	3
199	218	0	2.98874462	1.28749008e-19	3.59739875e-18	-2.16840434e-19	2.25514052e-17	1.61439497e-18	2.3585584e-06	0	100	0	0	3
200	219	0	3.00376343	2.91379334e-19	3.59002458e-18	-2.16840434e-19	2.25514052e-17	1.61439497e-18	2.9567884e-06	0	100	0	0	3
201	221	0	3.01878225	3.38813179e-19	3.57926228e-18	-2.16840434e-19	2.25514052e-17	1.61439497e-18	5.11813501e-06	0	100	0	0	3
202	222	0	3.03380107	5.14996032e-19	3.56252093e-18	-2.16840434e-19	2.25514052e-17	1.61439497e-18	7.58325756e-06	0	100	0	0	3
203	223	0	3.04881988	8.40256684e-19	3.49475829e-18	-2.16840434e-19	2.25514052e-17	1.61439497e-18	1.08591998e-05	0	100	0	0	3
204	224	0	3.0638387	2.16840434e-19	3.43417052e-18	-2.16840434e-19	2.25514052e-17	1.61439497e-18	1.52046077e-05	0	100	0	0	3
205	226	0	3.07885752	1.35525272e-18	3.36561068e-18	-2.16840434e-19	2.25514052e-17	1.61439497e-18	2.0320582e-05	0	100	0	0	3
206	227	0	3.09387634	2.16840434e-18	3.1870362e-18	-2.16840434e-19	2.25514052e-17	1.4358205e-18	2.89155431e-05	0	100	0	0	3
207	228	0	3.10889515	5.42101086e-18	3.12963726e-18	-2.16840434e-19	2.25514052e-17	1.39501344e-18	5.69710566e-05	0	100	0	0	3
208	229	0	3.12391397	-8.67361738e-19	2.82350959e-18	-8.67361738e-19	2.25514052e-17	1.39501344e-18	0.000143794679	0	100	0	0	3
209	230	0	3.13893279	9.54097912e-18	2.6321798e-18	-8.67361738e-19	2.25514052e-17	1.39501344e-18	0.000136178927	0	100	0	0	3
210	231	0	3.1539516	1.38777878e-17	2.97019577e-18	-8.67361738e-19	2.25514052e-17	1.39501344e-18	0.000129320879	0	100	0	0	3
211	232	0	3.16897042	1.17093835e-17	3.2715402e-18	-8.67361738e-19	2.25514052e-17	1.39501344e-18	0.000123611454	0	100	0	0	3
212	233	0	3.18398924	2.33103467e-18	3.30582012e-18	-8.67361738e-19	2.25514052e-17	1.39501344e-18	2.35411889e-05	0	100	0	0	3
213	233	0	3.19900806	1.51788304e-18	3.3568414e-18	-8.67361738e-19	2.25514052e-17	1.39501344e-18	1.45217845e-05	0	100	0	0	3
214	234	0	3.21402687	3.25260652e-19	3.36152499e-18	-8.67361738e-19	2.25514052e-17	1.39501344e-18	1.02767358e-05	0	100	0	0	3
215	235	0	3.22904569	2.8460307e-19	3.36012988e-18	-8.67361738e-19	2.25514052e-17	1.39501344e-18	5.02326434e-06	0	100	0	0	3
216	236	0	3.24406451	1.72794721e-19	3.35803721e-18	-8.67361738e-19	2.25514052e-17	1.39501344e-18	1.00521383e-06	0	100	0	0	3
217	237	0	3.25908332	1.55854062e-19	3.35624349e-18	-8.67361738e-19	2.25514052e-17	1.39501344e-18	2.36870432e-06	0	100	0	0	3
218	238	0	3.27410214	2.98155597e-19	3.35305466e-18	-8.67361738e-19	2.25514052e-17	1.39501344e-18	2.83984735e-06	0	100	0	0	3
219	239	0	3.28912096	1.21972744e-19	3.32076776e-18	-8.67361738e-19	2.25514052e-17	1.39501344e-18	5.08220215e-06	0	100	0	0	3
220	240	0	3.30413978	8.94466792e-19	3.32315938e-18	-8.67361738e-19	2.25514052e-17	1.39501344e-18	7.73111669e-06	0	100	0	0	3
221	241	0	3.31915859	-8.13151629e-20	3.28887946e-18	-8.67361738e-19	2.25514052e-17	1.39501344e-18	1.1247961e-05	0	100	0	0	3
222	242	0	3.33417741	1.57209315e-18	3.2936627e-18	-8.67361738e-19	2.25514052e-17	1.39501344e-18	1.57579738e-05	0	100	0	0	3
223	244	0	3.34919623	1.02999206e-18	3.29844595e-18	-8.67361738e-19	2.25514052e-17	1.05061981e-18	2.12732386e-05	0	100	0	0	3
224	245	0	3.36421505	2.92734587e-18	3.091172e-18	-8.67361738e-19	2.25514052e-17	9.99598529e-19	3.06695135e-05	0	100	0	0	3
225	247	0	3.37923386	3.90312782e-18	2.93810817e-18	-8.67361738e-19	2.25514052e-17	9.72094871e-19	6.93104297e-05	0	100	0	0	3
226	247	0	3.39425268	1.38777878e-17	2.68300177e-18	-8.67361738e-19	1.38777878e-17	9.72094871e-19	0.000143893503	0	100	0	0	3
227	248	0	3.4092715	1.17093835e-17	2.68300177e-18	-8.67361738e-19	1.38777878e-17	9.72094871e-19	0.000136227679	0	100	0	0	3
228	249	0	3.42429031	1.17093835e-17	2.95564673e-18	-8.67361738e-19	1.38777878e-17	9.72094871e-19	0.000129187088	0	100	0	0	3
229	250	0	3.43930913	1.17093835e-17	3.25699116e-18	-8.67361738e-19	1.38777878e-17	9.72094871e-19	0.000123557309	0	100	0	0	3
230	251	0	3.45432795	2.33103467e-18	3.30721523e-18	-8.67361738e-19	1.38777878e-17	9.72094871e-19	2.32045737e-05	0	100	0	0	3
231	252	0	3.46934677	3.7947076e-19	3.31678172e-18	-8.67361738e-19	1.38777878e-17	9.67411277e-19	1.44808129e-05	0	100	0	0	3
232	253	0	3.48436558	1.2468325e-18	3.3515599e-18	-8.67361738e-19	1.38777878e-17	9.65218956e-19	1.07674388e-05	0	100	0	0	3
233	254	0	3.4993844	5.69206141e-19	3.36451452e-18	-8.67361738e-19	1.38777878e-17	9.57844787e-19	5.52737716e-06	0	100	0	0	3
234	255	0	3.51440322	3.04931861e-20	3.3568414e-18	-8.67361738e-19	1.38777878e-17	9.47082486e-19	1.32264681e-06	0	100	0	0	3
235	255	0	3.52942203	2.71050543e-19	3.35484838e-18	-8.67361738e-19	1.38777878e-17	9.30341129e-19	2.38349381e-06	0	100	0	0	3
236	256	0	3.54444085	1.8973538e-19	3.34528189e-18	-8.67361738e-19	1.38777878e-17	8.62578493e-19	2.93700898e-06	0	100	0	0	3
237	257	0	3.55945967	6.36968776e-19	3.33930283e-18	-8.67361738e-19	1.38777878e-17	8.01990725e-19	5.16706386e-06	0	100	0	0	3
238	258	0	3.57447849	8.67361738e-19	3.35843581e-18	-8.67361738e-19	1.38777878e-17	7.33430881e-19	7.80742968e-06	0	100	0	0	3
239	259	0	3.5894973	6.50521303e-19	3.33770842e-18	-8.67361738e-19	1.38777878e-17	7.32334721e-19	1.10081479e-05	0	100	0	0	3
240	260	0	3.60451612	1.51788304e-18	3.31857544e-18	-8.67361738e-19	1.38777878e-17	7.32334721e-19	1.55122907e-05	0	100	0	0	3
241	261	0	3.61953494	8.13151629e-19	3.18305016e-18	-8.67361738e-19	1.38777878e-17	7.32334721e-19	2.05070344e-05	0	100	0	0	3
242	263	0	3.63455375	-2.16840434e-19	3.20218314e-18	-2.16840434e-19	1.38777878e-17	7.32334721e-19	2.97660513e-05	0	100	0	0	3
243	264	0	3.64957257	3.46944695e-18	3.02360867e-18	-2.16840434e-19	1.38777878e-17	6.81512744e-19	6.05771392e-05	0	100	0	0	3
244	265	0	3.66459139	1.30104261e-17	2.99809803e-18	-2.16840434e-19	1.38777878e-17	6.81512744e-19	0.000143569134	0	100	0	0	3
245	266	0	3.67961021	1.04083409e-17	2.95983207e-18	-2.16840434e-19	1.38777878e-17	6.81512744e-19	0.000135984554	0	100	0	0	3
246	266	0	3.69462902	1.17093835e-17	3.23566586e-18	-2.16840434e-19	1.38777878e-17	6.81512744e-19	0.00012915865	0	100	0	0	3
247	268	0	3.70964784	1.95156391e-17	3.76501163e-18	-2.16840434e-19	1.95156391e-17	1.08200985e-18	0.000123517121	0	100	0	0	3
248	268	0	3.72466666	2.27682456e-18	3.82241056e-18	-2.16840434e-19	1.95156391e-17	1.13940879e-18	2.34728269e-05	0	100	0	0	3
249	269	0	3.73968547	1.62630326e-18	3.86187233e-18	-2.16840434e-19	1.95156391e-17	1.17887056e-18	1.45834155e-05	0	100	0	0	3
250	270	0	3.75470429	6.23416249e-19	3.87512591e-18	-2.16840434e-19	1.95156391e-17	1.19212414e-18	1.05012962e-05	0	100	0	0	3
251	271	0	3.76972311	4.47233396e-19	3.88369589e-18	-2.16840434e-19	1.95156391e-17	1.20069412e-18	5.17176025e-06	0	100	0	0	3
252	272	0	3.78474193	3.72694497e-20	3.87602277e-18	-2.16840434e-19	1.95156391e-17	1.20069412e-18	9.67777065e-07	0	100	0	0	3
253	273	0	3.79976074	2.37169225e-19	3.8794109e-18	-2.16840434e-19	1.95156391e-17	1.20069412e-18	2.21650765e-06	0	100	0	0	3
254	274	0	3.81477956	2.71050543e-19	3.86107513e-18	-2.16840434e-19	1.95156391e-17	1.20069412e-18	2.71130258e-06	0	100	0	0	3
255	275	0	3.82979838	3.52365706e-19	3.87383045e-18	-2.16840434e-19	1.95156391e-17	1.20069412e-18	4.89782402e-06	0	100	0	0	3
256	276	0	3.84481719	3.52365706e-19	3.83795611e-18	-2.16840434e-19	1.95156391e-17	1.20069412e-18	7.62453987e-06	0	100	0	0	3
257	277	0	3.85983601	6.23416249e-19	3.825998e-18	-2.16840434e-19	1.95156391e-17	1.20069412e-18	1.0790417e-05	0	100	0	0	3
258	278	0	3.87485483	4.33680869e-19	3.75265491e-18	-2.16840434e-19	1.95156391e-17	1.20069412e-18	1.54869442e-05	0	100	0	0	3
259	279	0	3.88987365	9.21571847e-19	3.66496209e-18	-2.16840434e-19	1.95156391e-17	1.20069412e-18	2.08390999e-05	0	100	0	0	3
260	281	0	3.90489246	2.16840434e-18	3.32056846e-18	-2.16840434e-19	1.95156391e-17	1.20069412e-18	2.99473202e-05	0	100	0	0	3
261	282	0	3.91991128	3.25260652e-18	3.07183972e-18	-2.16840434e-19	1.95156391e-17	9.28049157e-19	6.32378807e-05	0	100	0	0	3
262	283	0	3.9349301	1.12757026e-17	3.0590844e-18	-2.16840434e-19	1.95156391e-17	9.23863818e-19	0.000143755966	0	100	0	0	3
263	284	0	3.94994891	4.77048956e-18	2.85499929e-18	-2.16840434e-19	1.95156391e-17	1.0286966e-18	0.000136081445	0	100	0	0	3
264	285	0	3.96496773	1.21430643e-17	3.14358839e-18	-2.16840434e-19	1.95156391e-17	1.0286966e-18	0.000129155773	0	100	0	0	3
265	286	0	3.97998655	3.90312782e-18	3.24722537e-18	-2.16840434e-19	1.95156391e-17	1.0286966e-18	0.000123516313	0	100	0	0	3
266	287	0	3.99500537	1.08420217e-19	3.21374265e-18	-2.16840434e-19	1.95156391e-17	1.0286966e-18	2.3283251e-05	0	100	0	0	3
267	288	0	4.01002418	9.75781955e-19	3.22570077e-18	-2.16840434e-19	1.95156391e-17	1.0286966e-18	1.44472455e-05	0	100	0	0	3
