Iteration	CPUTime	PhysTime	Travels	Value	AvValue	MinValue	MaxValue	Delta	Criteria	PrevAvRefValue	Progress	CriteriaType	CriteriaVarType	CriteriaPercentage
1	4	0	0.0150188172	101313.595	101313.595	101313.595	101313.595	0	0	0	0	0	0	3
2	5	0	0.0300376343	101314.008	101313.801	101313.595	101314.008	0.206271315	0	0	0	0	0	3
3	5	0	0.0450564515	101314.334	101313.979	101313.595	101314.334	0.383794261	0	0	0	0	0	3
4	6	0	0.0600752687	101315.878	101314.454	101313.595	101315.878	0.858532356	0	0	0	0	0	3
5	6	0	0.0750940858	101222.509	101296.065	101222.509	101315.878	18.3888479	0	0	0	0	0	3
6	7	0	0.090112903	101216.738	101282.844	101216.738	101315.878	31.6099944	0	0	0	0	0	3
7	8	0	0.10513172	101165.251	101266.045	101165.251	101315.878	48.4089314	0	0	0	0	0	3
8	8	0	0.120150537	101161.933	101253.031	101161.933	101315.878	61.4229162	0	0	0	0	0	3
9	9	0	0.135169354	101136.037	101240.031	101136.037	101315.878	74.422256	0	0	0	0	0	3
10	10	0	0.150188172	101127.862	101228.814	101127.862	101315.878	85.6391484	0	0	0	0	0	3
11	11	0	0.165206989	101100.649	101217.163	101100.649	101315.878	97.2905911	0	0	0	0	0	3
12	11	0	0.180225806	101094.081	101206.906	101094.081	101315.878	107.547415	0	0	0	0	0	3
13	12	0	0.195244623	101079.404	101197.098	101079.404	101315.878	117.355284	0	0	0	0	0	3
14	13	0	0.21026344	101080.776	101188.79	101079.404	101315.878	125.663986	0	0	0	0	0	3
15	14	0	0.225282257	101080.936	101181.599	101079.404	101315.878	132.85423	0	0	0	0	0	3
16	14	0	0.240301075	101088.808	101175.8	101079.404	101315.878	138.653669	0	0	0	0	0	3
17	15	0	0.255319892	101091.054	101170.815	101079.404	101315.878	143.638731	0	0	0	0	0	3
18	16	0	0.270338709	101095.734	101166.644	101079.404	101315.878	147.809912	0	0	0	0	0	3
19	17	0	0.285357526	101102.535	101163.269	101079.404	101315.878	151.184055	0	0	0	0	0	3
20	17	0	0.300376343	101108.74	101160.543	101079.404	101315.878	153.910532	0	0	0	0	0	3
21	18	0	0.31539516	101114.37	101158.344	101079.404	101315.878	156.10924	0	0	0	0	0	3
22	19	0	0.330413978	101119.872	101156.596	101079.404	101315.878	157.857997	0	0	0	0	0	3
23	20	0	0.345432795	101125.664	101155.251	101079.404	101315.878	159.202834	0	0	0	0	0	3
24	21	0	0.360451612	101131.366	101154.256	101079.404	101315.878	160.198026	0	0	0	0	0	3
25	22	0	0.375470429	101137.09	101153.569	101079.404	101315.878	160.88463	0	0	0	0	0	3
26	23	0	0.390489246	101145.941	101153.276	101079.404	101315.878	161.178	0	0	0	0	0	3
27	23	0	0.405508063	101154.818	101153.333	101079.404	101315.878	161.178	0	0	0	0	0	3
28	24	0	0.420526881	101163.936	101153.711	101079.404	101315.878	161.178	0	0	0	0	0	3
29	25	0	0.435545698	101173.373	101154.389	101079.404	101315.878	161.178	0	0	0	0	0	3
30	26	0	0.450564515	101182.971	101155.342	101079.404	101315.878	161.178	0	0	0	0	0	3
31	28	0	0.465583332	101197.975	101156.717	101079.404	101315.878	161.178	0	0	0	0	0	3
32	29	0	0.480602149	101213.345	101158.487	101079.404	101315.878	161.178	0	0	0	0	0	3
33	31	0	0.495620966	101229.2	101160.63	101079.404	101315.878	161.178	0	0	0	0	0	3
34	32	0	0.510639784	101245.512	101163.126	101079.404	101315.878	161.178	0	0	0	0	0	3
35	33	0	0.525658601	101262.288	101161.617	101079.404	101315.878	161.178	0	0	0	0	0	3
36	34	0	0.540677418	101288.427	101160.865	101079.404	101315.878	161.178	0	0	0	0	0	3
37	36	0	0.555696235	101314.191	101160.861	101079.404	101315.878	161.178	0	0	0	0	0	3
38	37	0	0.570715052	101341.943	101161.627	101079.404	101341.943	142.789152	0	0	0	0	0	3
39	38	0	0.585733869	101370.354	101165.976	101079.404	101370.354	129.568006	0	0	0	0	0	3
40	39	0	0.600752687	101399.224	101171.343	101079.404	101399.224	112.769069	0	0	0	0	0	3
41	40	0	0.615771504	101445.399	101179.583	101079.404	101445.399	99.7550837	0	0	0	0	0	3
42	41	0	0.630790321	101496.656	101189.427	101079.404	101496.656	86.7557439	0	0	0	0	0	3
43	42	0	0.645809138	101543.811	101201.421	101079.404	101543.811	75.5388516	0	0	0	0	0	3
44	42	0	0.660827955	101590.082	101215.015	101079.404	101590.082	63.8874089	0	0	0	0	0	3
45	44	0	0.675846772	101638.292	101230.828	101079.404	101638.292	77.5528974	0	0	0	0	0	3
46	44	0	0.69086559	101690.132	101248.359	101079.404	101690.132	95.0838016	0	0	0	0	0	3
47	45	0	0.705884407	101738.969	101267.758	101080.776	101738.969	114.482785	0	0	0	0	0	3
48	46	0	0.720903224	101787.775	101288.552	101080.936	101787.775	135.276872	0	0	0	0	0	3
49	47	0	0.735922041	101837.533	101310.805	101088.808	101837.533	157.529716	0	0	0	0	0	3
50	48	0	0.750940858	101888.886	101334.337	101091.054	101888.886	181.0614	0	0	0	0	0	3
51	49	0	0.765959675	101939.686	101359.297	101095.734	101939.686	206.021159	0	0	0	0	0	3
52	50	0	0.780978493	101988.269	101385.548	101102.535	101988.269	232.272187	0	0	0	0	0	3
53	51	0	0.79599731	102039.958	101413.119	101108.74	102039.958	259.843456	0	0	0	0	0	3
54	52	0	0.811016127	102096.137	101442.16	101114.37	102096.137	288.88454	0	0	0	0	0	3
55	53	0	0.826034944	102147.761	101472.554	101119.872	102147.761	319.278392	0	0	0	0	0	3
56	54	0	0.841053761	102200.368	101504.333	101125.664	102200.368	351.057698	0	0	0	0	0	3
57	55	0	0.856072578	102258.05	101537.639	101131.366	102258.05	384.363157	0	0	0	0	0	3
58	56	0	0.871091396	102316.794	101572.504	101137.09	102316.794	419.228696	0	0	0	0	0	3
59	57	0	0.886110213	102379.889	101609.057	101145.941	102379.889	455.781591	0	0	0	0	0	3
60	58	0	0.90112903	102443.456	101647.219	101154.818	102443.456	493.886649	0	0	0	0	0	3
61	60	0	0.916147847	102517.281	101687.292	101163.936	102517.281	533.580402	0	0	0	0	0	3
62	60	0	0.931166664	102597.64	101729.46	101173.373	102597.64	575.070183	0	0	0	0	0	3
63	61	0	0.946185481	102653.684	101772.998	101182.971	102653.684	617.656039	0	0	0	0	0	3
64	62	0	0.961204299	102703.971	101817.733	101197.975	102703.971	661.016083	0	0	0	0	0	3
65	63	0	0.976223116	102753.139	101863.474	101213.345	102753.139	704.98657	0	0	0	0	0	3
66	64	0	0.991241933	102802.4	101910.21	101229.2	102802.4	749.580657	0	0	0	0	0	3
67	65	0	1.00626075	102851.976	101957.939	101245.512	102851.976	797.078438	53.1771755	0	6.6	0	0	3
68	66	0	1.02127957	102903.596	102006.706	101262.288	102903.596	845.845615	54.7257632	0	6.4	0	0	3
69	67	0	1.03629838	102954.586	102056.48	101288.427	102954.586	895.619089	55.4906178	0	6.1	0	0	3
70	68	0	1.0513172	103003.611	102106.926	101314.191	103003.611	946.065669	56.2358143	0	5.9	0	0	3
71	69	0	1.06633602	103054.94	102158.125	101341.943	103054.94	996.497531	56.9933783	0	5.7	0	0	3
72	70	0	1.08135484	103110.027	102210.127	101370.354	103110.027	1044.15163	57.7784405	0	5.5	0	0	3
73	71	0	1.09637365	103169.542	102263.045	101399.224	103169.542	1091.70167	58.5993904	0	5.3	0	0	3
74	71	0	1.11139247	103236.613	102317.085	101445.399	103236.613	1137.50288	59.4732307	0	5.2	0	0	3
75	72	0	1.12641129	103313.2	102372.021	101496.656	103313.2	1182.59341	60.415812	0	5.1	0	0	3
76	73	0	1.1414301	103394.738	102427.847	101543.811	103394.738	1226.42599	61.4207233	0	5	0	0	3
77	74	0	1.15644892	103467.691	102484.431	101590.082	103467.691	1269.41601	62.4435112	0	4.9	0	0	3
78	75	0	1.17146774	103551.959	102542.134	101638.292	103551.959	1311.30526	63.5101612	0	4.8	0	0	3
79	77	0	1.18648656	103631.857	102600.768	101690.132	103631.857	1352.40863	64.5987798	0	4.7	0	0	3
80	78	0	1.20150537	103720.419	102660.482	101738.969	103720.419	1392.72398	65.721126	0	4.7	0	0	3
81	79	0	1.21652419	103810.358	102721.406	101787.775	103810.358	1432.85309	66.8755219	0	4.6	0	0	3
82	80	0	1.23154301	103866.848	102782.555	101837.533	103866.848	1471.74943	67.9732322	0	4.6	0	0	3
83	81	0	1.24656182	103916.894	102843.712	101888.886	103916.894	1509.37543	69.0233553	0	4.5	0	0	3
84	82	0	1.26158064	103963.244	102904.723	101939.686	103963.244	1545.42621	70.0234699	0	4.5	0	0	3
85	83	0	1.27659946	104010.906	102965.641	101988.269	104010.906	1580.09342	70.9805622	0	4.4	0	0	3
86	84	0	1.29161828	104062.869	103026.659	102039.958	104062.869	1613.53982	71.9091579	0	4.4	0	0	3
87	85	0	1.30663709	104120.792	103087.86	102096.137	104120.792	1645.69974	72.8233327	0	4.4	0	0	3
88	86	0	1.32165591	104178.122	103149.095	102147.761	104178.122	1676.54074	73.7244838	0	4.3	0	0	3
89	87	0	1.33667473	104231.419	103210.379	102200.368	104231.419	1706.04549	74.6084909	0	4.3	0	0	3
90	87	0	1.35169354	104283.949	103271.661	102258.05	104283.949	1734.02183	75.4767087	0	4.3	0	0	3
91	89	0	1.36671236	104334.371	103332.729	102316.794	104334.371	1760.22456	76.3284464	0	4.3	0	0	3
92	90	0	1.38173118	104383.05	103393.501	102379.889	104383.05	1784.44388	77.1598388	0	4.3	0	0	3
93	91	0	1.39675	104431.873	103453.854	102443.456	104431.873	1806.63418	77.9733703	0	4.3	0	0	3
94	92	0	1.41176881	104488.76	103514.01	102517.281	104488.76	1826.71777	78.7797175	0	4.3	0	0	3
95	93	0	1.42678763	104552.82	103573.878	102597.64	104552.82	1844.4188	79.5869923	0	4.3	0	0	3
96	94	0	1.44180645	104624.574	103633.494	102653.684	104624.574	1860.49595	80.4028928	0	4.3	0	0	3
97	96	0	1.45682527	104707.31	103693.895	102703.971	104707.31	1876.1614	81.2321312	0	4.3	0	0	3
98	97	0	1.47184408	104783.129	103755.047	102753.139	104783.129	1891.57299	82.0663693	0	4.3	0	0	3
99	98	0	1.4868629	104864.079	103817.133	102802.4	104864.079	1906.92257	82.9094945	0	4.3	0	0	3
100	99	0	1.50188172	104911.24	103879.158	102851.976	104911.24	1921.21855	83.7295658	0	4.3	0	0	3
101	100	0	1.51690053	104959.311	103941.138	102903.596	104959.311	1934.43181	84.5290108	0	4.3	0	0	3
102	101	0	1.53191935	105005.04	104002.945	102954.586	105005.04	1946.46551	85.2995642	0	4.3	0	0	3
103	102	0	1.54693817	105054.885	104064.719	103003.611	105054.885	1957.79243	86.0473769	0	4.3	0	0	3
104	103	0	1.56195699	105107.462	104126.597	103054.94	105107.462	1968.47191	86.7748955	0	4.4	0	0	3
105	104	0	1.5769758	105162.129	104188.573	103110.027	105162.129	1978.4456	87.484852	0	4.4	0	0	3
106	105	0	1.59199462	105211.533	104250.382	103169.542	105211.533	1987.33731	88.1741958	0	4.4	0	0	3
107	106	0	1.60701344	105259.754	104311.859	103236.613	105259.754	1994.77328	88.8306072	0	4.4	0	0	3
108	107	0	1.62203225	105306.087	104372.726	103313.2	105306.087	1992.88707	89.4513957	0	4.4	0	0	3
109	108	0	1.63705107	105350.698	104432.652	103394.738	105350.698	1955.95999	90.0408056	0	4.6	0	0	3
110	109	0	1.65206989	105399.038	104491.602	103467.691	105399.038	1931.34716	90.6042446	0	4.6	0	0	3
111	110	0	1.66708871	105447.708	104549.838	103551.959	105447.708	1895.74912	91.1423869	0	4.8	0	0	3
112	110	0	1.68210752	105499.721	104607.125	103631.857	105499.721	1867.86413	91.6567265	0	4.9	0	0	3
113	112	0	1.69712634	105558.797	104663.8	103720.419	105558.797	1838.37825	92.1553812	0	5	0	0	3
114	113	0	1.71214516	105625.004	104719.817	103810.358	105625.004	1814.64559	92.6439231	0	5.1	0	0	3
115	114	0	1.72716397	105695.798	104775.271	103866.848	105695.798	1828.95037	93.1252572	0	5	0	0	3
116	115	0	1.74218279	105757.874	104830.889	103916.894	105757.874	1840.97984	93.59351	0	5	0	0	3
117	117	0	1.75720161	105831.586	104887.204	103963.244	105831.586	1868.34212	94.0567799	0	5	0	0	3
118	118	0	1.77222043	105877.23	104943.498	104010.906	105877.23	1866.32386	94.5001536	0	5	0	0	3
119	118	0	1.78723924	105925.688	104999.815	104062.869	105925.688	1862.81868	94.9246102	0	5	0	0	3
120	119	0	1.80225806	105970.781	105055.93	104120.792	105970.781	1849.98866	95.3267744	0	5.1	0	0	3
121	120	0	1.81727688	106020.86	105111.814	104178.122	106020.86	1842.73856	95.7131856	0	5.1	0	0	3
122	121	0	1.83229569	106073.45	105167.559	104231.419	106073.45	1842.03072	96.0855359	0	5.2	0	0	3
123	122	0	1.84731451	106127.494	105223.326	104283.949	106127.494	1843.54426	96.442639	0	5.2	0	0	3
124	123	0	1.86233333	106175.564	105278.962	104334.371	106175.564	1841.19286	96.7815942	0	5.2	0	0	3
125	124	0	1.87735215	106219.334	105334.402	104383.05	106219.334	1836.28418	97.0988659	0	5.2	0	0	3
126	125	0	1.89237096	106261.816	105389.66	104431.873	106261.816	1829.94304	97.3946617	0	5.3	0	0	3
127	126	0	1.90738978	106301.704	105444.655	104488.76	106301.704	1812.94323	97.6636288	0	5.3	0	0	3
128	126	0	1.9224086	106344.793	105499.244	104552.82	106344.793	1791.97254	97.9054478	0	5.4	0	0	3
129	127	0	1.93742741	106390.326	105553.288	104624.574	106390.326	1765.75127	98.1343798	0	5.5	0	0	3
130	128	0	1.95244623	106439.829	105606.678	104707.31	106439.829	1732.51962	98.3556715	0	5.6	0	0	3
131	129	0	1.96746505	106494.193	105659.233	104783.129	106494.193	1711.06372	98.5724831	0	5.7	0	0	3
132	131	0	1.98248387	106556.743	105711.398	104864.079	106556.743	1692.66357	98.7887568	0	5.8	0	0	3
133	132	0	1.99750268	106617.364	105762.966	104911.24	106617.364	1706.12401	99.0034974	0	5.8	0	0	3
134	133	0	2.0125215	106672.132	105814.757	104959.311	106672.132	1712.82106	99.2132377	0	5.7	0	0	3
135	135	0	2.02754032	106745.63	105867.295	105005.04	106745.63	1740.59047	99.4267388	0	5.7	0	0	3
136	135	0	2.04255913	106789.193	105919.77	105054.885	106789.193	1734.30797	99.631677	0	5.7	0	0	3
137	136	0	2.05757795	106834.71	105972.118	105107.462	106834.71	1727.24809	99.8282688	0	5.7	0	0	3
138	137	0	2.07259677	106878.174	106024.198	105162.129	106878.174	1716.04486	100.014412	0	5.8	0	0	3
139	138	0	2.08761559	106926.131	106076.08	105211.533	106926.131	1714.59822	100.190568	0	5.8	0	0	3
140	139	0	2.1026344	106975.822	106127.971	105259.754	106975.822	1716.06783	100.354756	0	5.8	0	0	3
141	140	0	2.11765322	107025.019	106179.891	105306.087	107025.019	1718.93188	100.503402	0	5.8	0	0	3
142	141	0	2.13267204	107068.398	106231.724	105350.698	107068.398	1717.70068	100.632821	0	5.8	0	0	3
143	142	0	2.14769085	107107.745	106283.401	105399.038	107107.745	1708.70708	100.745568	0	5.8	0	0	3
144	143	0	2.16270967	107144.901	106334.75	105447.708	107144.901	1697.19283	100.837032	0	5.9	0	0	3
145	144	0	2.17772849	107180.262	106385.708	105499.721	107180.262	1680.54078	100.90902	0	6	0	0	3
146	145	0	2.19274731	107219.66	106436.294	105558.797	107219.66	1660.86242	100.960516	0	6	0	0	3
147	146	0	2.20776612	107261.831	106486.383	105625.004	107261.831	1636.82693	100.992812	0	6.1	0	0	3
148	147	0	2.22278494	107307.804	106535.878	105695.798	107307.804	1612.00593	101.020416	0	6.2	0	0	3
149	148	0	2.23780376	107357.903	106584.763	105757.874	107357.903	1600.02905	101.047365	0	6.3	0	0	3
150	149	0	2.25282257	107414.296	106633.481	105831.586	107414.296	1582.71023	101.077295	0	6.3	0	0	3
151	151	0	2.26784139	107470.809	106681.694	105877.23	107470.809	1593.5795	101.109674	0	6.3	0	0	3
152	152	0	2.28286021	107521.57	106730.057	105925.688	107521.57	1595.88156	101.140866	0	6.3	0	0	3
153	153	0	2.29787903	107584.698	106778.851	105970.781	107584.698	1613.91728	101.173149	0	6.2	0	0	3
154	154	0	2.31289784	107626.087	106827.537	106020.86	107626.087	1605.22704	101.199193	0	6.3	0	0	3
155	155	0	2.32791666	107669.425	106876.024	106073.45	107669.425	1595.97563	101.221249	0	6.3	0	0	3
156	157	0	2.34293548	107710.157	106924.162	106127.494	107710.157	1582.66336	101.238833	0	6.3	0	0	3
157	159	0	2.35795429	107755.982	106972.059	106175.564	107755.982	1580.41862	101.254495	0	6.4	0	0	3
158	160	0	2.37297311	107802.96	107019.924	106219.334	107802.96	1583.62573	101.269251	0	6.3	0	0	3
159	161	0	2.38799193	107849.648	107067.874	106261.816	107849.648	1587.83175	101.28299	0	6.3	0	0	3
160	163	0	2.40301075	107890.121	107115.765	106301.704	107890.121	1588.41778	101.291139	0	6.3	0	0	3
161	163	0	2.41802956	107926.623	107163.557	106344.793	107926.623	1581.83021	101.290319	0	6.4	0	0	3
162	165	0	2.43304838	107961.289	107211.101	106390.326	107961.289	1570.96303	101.277804	0	6.4	0	0	3
163	166	0	2.4480672	107993.919	107258.266	106439.829	107993.919	1554.08958	101.249893	0	6.5	0	0	3
164	168	0	2.46308602	108029.056	107305.007	106494.193	108029.056	1534.86311	101.209974	0	6.5	0	0	3
165	169	0	2.47810483	108066.505	107351.252	106556.743	108066.505	1509.76268	101.157554	0	6.7	0	0	3
166	171	0	2.49312365	108109.641	107396.925	106617.364	108109.641	1492.27652	101.104973	0	6.7	0	0	3
167	173	0	2.50814247	108154.692	107442.141	106672.132	108154.692	1482.55965	101.052537	0	6.8	0	0	3
168	175	0	2.52316128	108205.72	107487.246	106745.63	108205.72	1460.09031	101.002714	0	6.9	0	0	3
169	178	0	2.5381801	108254.496	107531.625	106789.193	108254.496	1465.30268	100.953553	0	6.8	0	0	3
170	180	0	2.55319892	108298.389	107576.013	106834.71	108298.389	1463.67874	100.902818	0	6.8	0	0	3
171	183	0	2.56821774	108357.906	107620.813	106878.174	108357.906	1479.73281	100.854458	0	6.8	0	0	3
172	184	0	2.58323655	108398.13	107665.517	106926.131	108398.13	1471.99861	100.804395	0	6.8	0	0	3
173	185	0	2.59825537	108439.237	107710.021	106975.822	108439.237	1463.41581	100.753264	0	6.8	0	0	3
174	187	0	2.61327419	108478.468	107754.216	107025.019	108478.468	1453.44943	100.701098	0	6.9	0	0	3
175	189	0	2.628293	108522.818	107798.269	107068.398	108522.818	1454.41929	100.649824	0	6.9	0	0	3
176	190	0	2.64331182	108568.276	107842.383	107107.745	108568.276	1460.53138	100.598699	0	6.8	0	0	3
177	192	0	2.65833064	108611.982	107886.625	107144.901	108611.982	1467.08064	100.547149	0	6.8	0	0	3
178	193	0	2.67334946	108648.882	107930.86	107180.262	108648.882	1468.61995	100.492443	0	6.8	0	0	3
179	195	0	2.68836827	108682.054	107975.03	107219.66	108682.054	1462.394	100.431776	0	6.8	0	0	3
180	196	0	2.70338709	108712.342	108018.933	107261.831	108712.342	1450.51116	100.362647	0	6.9	0	0	3
181	197	0	2.71840591	108740.814	108062.432	107307.804	108740.814	1433.01061	100.283593	0	6.9	0	0	3
182	198	0	2.73342472	108772.484	108105.511	107357.903	108772.484	1414.58119	100.197981	0	7	0	0	3
183	200	0	2.74844354	108806.961	108148.131	107414.296	108806.961	1392.66478	100.103699	0	7.1	0	0	3
184	201	0	2.76346236	108844.591	108190.198	107470.809	108844.591	1373.78206	100.008974	0	7.2	0	0	3
185	203	0	2.77848118	108884.608	108231.78	107521.57	108884.608	1363.03848	99.9137081	0	7.3	0	0	3
186	205	0	2.79349999	108931.176	108273.239	107584.698	108931.176	1346.47784	99.8204152	0	7.4	0	0	3
187	206	0	2.80851881	108977.96	108314.218	107626.087	108977.96	1351.87281	99.7278534	0	7.3	0	0	3
188	208	0	2.82353763	109017.834	108355.151	107669.425	109017.834	1348.40843	99.6336688	0	7.3	0	0	3
189	209	0	2.83855644	109073.483	108396.447	107710.157	109073.483	1363.32618	99.5414231	0	7.3	0	0	3
190	210	0	2.85357526	109111.765	108437.671	107755.982	109111.765	1355.78225	99.4482898	0	7.3	0	0	3
191	211	0	2.86859408	109150.428	108478.684	107802.96	109150.428	1347.46818	99.3554231	0	7.3	0	0	3
192	211	0	2.8836129	109187.5	108519.406	107849.648	109187.5	1337.85176	99.2627437	0	7.4	0	0	3
193	213	0	2.89863171	109229.955	108560.003	107890.121	109229.955	1339.83393	99.172147	0	7.4	0	0	3
194	214	0	2.91365053	109273.095	108600.679	107926.623	109273.095	1346.4723	99.0829889	0	7.3	0	0	3
195	215	0	2.92866935	109313.654	108641.474	107961.289	109313.654	1352.36573	98.9940582	0	7.3	0	0	3
196	216	0	2.94368816	109347.368	108682.241	107993.919	109347.368	1353.44942	98.9028343	0	7.3	0	0	3
197	217	0	2.95870698	109377.166	108722.925	108029.056	109377.166	1348.11012	98.8073448	0	7.3	0	0	3
198	217	0	2.9737258	109404.01	108763.364	108066.505	109404.01	1337.50421	98.7051361	0	7.3	0	0	3
199	218	0	2.98874462	109429.274	108803.446	108109.641	109429.274	1319.63314	98.5964403	0	7.4	0	0	3
200	219	0	3.00376343	109457.662	108843.094	108154.692	109457.662	1302.96957	98.4834285	0	7.5	0	0	3
201	221	0	3.01878225	109488.478	108882.323	108205.72	109488.478	1282.7572	98.3625479	0	7.6	0	0	3
202	222	0	3.03380107	109522.886	108921.063	108254.496	109522.886	1268.39006	98.2414237	0	7.7	0	0	3
203	223	0	3.04881988	109560.087	108959.462	108298.389	109560.087	1261.69818	98.1202464	0	7.7	0	0	3
204	224	0	3.0638387	109601.434	108997.787	108357.906	109601.434	1243.52725	98.0003745	0	7.8	0	0	3
205	226	0	3.07885752	109642.361	109035.565	108398.13	109642.361	1244.2311	97.8807116	0	7.8	0	0	3
206	227	0	3.09387634	109677.554	109073.195	108439.237	109677.554	1238.31656	97.7596415	0	7.8	0	0	3
207	228	0	3.10889515	109726.954	109111.069	108478.468	109726.954	1248.48586	97.6403445	0	7.8	0	0	3
208	229	0	3.12391397	109763.254	109148.857	108522.818	109763.254	1240.43663	97.5212334	0	7.8	0	0	3
209	230	0	3.13893279	109800.933	109186.449	108568.276	109800.933	1232.65632	97.4034475	0	7.9	0	0	3
210	231	0	3.1539516	109836.151	109223.739	108611.982	109836.151	1224.16919	97.2869023	0	7.9	0	0	3
211	232	0	3.16897042	109877.678	109260.966	108648.882	109877.678	1228.79611	97.1732605	0	7.9	0	0	3
212	233	0	3.18398924	109919.383	109298.333	108682.054	109919.383	1237.32893	97.0616635	0	7.8	0	0	3
213	233	0	3.19900806	109958.482	109335.875	108712.342	109958.482	1246.13981	96.9509639	0	7.7	0	0	3
214	234	0	3.21402687	109990.532	109373.469	108740.814	109990.532	1249.71764	96.8389291	0	7.7	0	0	3
215	235	0	3.22904569	110017.999	109411.033	108772.484	110017.999	1245.51534	96.7238208	0	7.7	0	0	3
216	236	0	3.24406451	110042.773	109448.395	108806.961	110042.773	1235.81239	96.6038912	0	7.8	0	0	3
217	237	0	3.25908332	110065.521	109485.411	108844.591	110065.521	1220.92946	96.4788076	0	7.9	0	0	3
218	238	0	3.27410214	110090.447	109522.054	108884.608	110090.447	1205.83858	96.350248	0	7.9	0	0	3
219	239	0	3.28912096	110117.437	109558.314	108931.176	110117.437	1186.26146	96.2162476	0	8.1	0	0	3
220	240	0	3.30413978	110148.579	109594.12	108977.96	110148.579	1170.61845	96.0819893	0	8.2	0	0	3
221	241	0	3.31915859	110181.267	109629.511	109017.834	110181.267	1163.43342	95.9474001	0	8.2	0	0	3
222	242	0	3.33417741	110218.63	109664.829	109073.483	110218.63	1145.14684	95.8138956	0	8.3	0	0	3
223	244	0	3.34919623	110253.025	109699.521	109111.765	110253.025	1141.25999	95.6799044	0	8.3	0	0	3
224	245	0	3.36421505	110284.176	109734.004	109150.428	110284.176	1133.74834	95.544596	0	8.4	0	0	3
225	247	0	3.37923386	110330.711	109768.718	109187.5	110330.711	1143.21086	95.4109712	0	8.3	0	0	3
226	247	0	3.39425268	110365.54	109803.366	109229.955	110365.54	1135.58442	95.2779623	0	8.3	0	0	3
227	248	0	3.4092715	110400.308	109837.788	109273.095	110400.308	1127.21311	95.146291	0	8.4	0	0	3
228	249	0	3.42429031	110433.846	109871.928	109313.654	110433.846	1120.1916	95.0160453	0	8.4	0	0	3
229	250	0	3.43930913	110473.387	109906.038	109347.368	110473.387	1126.01886	94.8886873	0	8.4	0	0	3
230	251	0	3.45432795	110513.002	109940.321	109377.166	110513.002	1135.83611	94.7637161	0	8.3	0	0	3
231	252	0	3.46934677	110548.817	109974.782	109404.01	110548.817	1144.80726	94.6399699	0	8.2	0	0	3
232	253	0	3.48436558	110577.378	110009.292	109429.274	110577.378	1148.10408	94.5150738	0	8.2	0	0	3
233	254	0	3.4993844	110601.461	110043.769	109457.662	110601.461	1143.79908	94.387893	0	8.2	0	0	3
234	255	0	3.51440322	110622.146	110078.018	109488.478	110622.146	1133.66836	94.2567845	0	8.3	0	0	3
235	255	0	3.52942203	110641.363	110111.926	109522.886	110641.363	1118.47733	94.1219585	0	8.4	0	0	3
236	256	0	3.54444085	110663.306	110145.468	109560.087	110663.306	1103.21966	93.9848318	0	8.5	0	0	3
237	257	0	3.55945967	110688.434	110178.655	109601.434	110688.434	1087.00039	93.8432494	0	8.6	0	0	3
238	258	0	3.57447849	110716.261	110211.444	109642.361	110716.261	1073.90063	93.7011482	0	8.7	0	0	3
239	259	0	3.5894973	110745.394	110243.886	109677.554	110745.394	1067.8395	93.5586106	0	8.7	0	0	3
240	260	0	3.60451612	110777.225	110276.229	109726.954	110777.225	1050.27094	93.4164378	0	8.8	0	0	3
241	261	0	3.61953494	110811.233	110308.12	109763.254	110811.233	1047.97889	93.2741161	0	8.9	0	0	3
242	263	0	3.63455375	110839.18	110339.765	109800.933	110839.18	1038.24776	93.130419	0	8.9	0	0	3
243	264	0	3.64957257	110877.861	110371.439	109836.151	110877.861	1041.71009	92.9874983	0	8.9	0	0	3
244	265	0	3.66459139	110911.57	110403.069	109877.678	110911.57	1033.89274	92.8456518	0	8.9	0	0	3
245	266	0	3.67961021	110945.44	110434.474	109919.383	110945.44	1026.0574	92.7055166	0	9	0	0	3
246	266	0	3.69462902	110977.235	110465.587	109958.482	110977.235	1018.75353	92.5671998	0	9	0	0	3
247	268	0	3.70964784	111015.888	110496.687	109990.532	111015.888	1025.3563	92.4321165	0	9	0	0	3
248	268	0	3.72466666	111054.22	110527.972	110017.999	111054.22	1036.22113	92.2996302	0	8.9	0	0	3
249	269	0	3.73968547	111088.522	110559.458	110042.773	111088.522	1045.74923	92.168571	0	8.8	0	0	3
250	270	0	3.75470429	111115.556	110591.011	110065.521	111115.556	1050.03516	92.0372069	0	8.7	0	0	3
251	271	0	3.76972311	111138.16	110622.559	110090.447	111138.16	1047.71355	91.9044316	0	8.7	0	0	3
252	272	0	3.78474193	111157.36	110653.939	110117.437	111157.36	1039.9229	91.7686538	0	8.8	0	0	3
253	273	0	3.79976074	111174.622	110685.033	110148.579	111174.622	1026.04357	91.6295742	0	8.9	0	0	3
254	274	0	3.81477956	111194.217	110715.787	110181.267	111194.217	1012.94946	91.4887289	0	9	0	0	3
255	275	0	3.82979838	111215.992	110746.22	110218.63	111215.992	997.362116	91.3439764	0	9.1	0	0	3
256	276	0	3.84481719	111240.734	110776.282	110253.025	111240.734	987.709809	91.1986067	0	9.2	0	0	3
257	277	0	3.85983601	111267.919	110806.131	110284.176	111267.919	983.74253	91.0529547	0	9.2	0	0	3
258	278	0	3.87485483	111297.729	110835.942	110330.711	111297.729	967.018479	90.9076872	0	9.4	0	0	3
259	279	0	3.88987365	111325.517	110865.201	110365.54	111325.517	959.97735	90.7616412	0	9.4	0	0	3
260	281	0	3.90489246	111350.265	110894.163	110400.308	111350.265	949.956639	90.6142498	0	9.5	0	0	3
261	282	0	3.91991128	111388.255	110923.221	110433.846	111388.255	954.408768	90.4679805	0	9.4	0	0	3
262	283	0	3.9349301	111420.755	110952.247	110473.387	111420.755	947.367389	90.3230247	0	9.5	0	0	3
263	284	0	3.94994891	111453.159	110981.064	110513.002	111453.159	940.156506	90.1799469	0	9.5	0	0	3
264	285	0	3.96496773	111483.623	111009.612	110548.817	111483.623	934.806695	90.0388731	0	9.6	0	0	3
265	286	0	3.97998655	111520.959	111038.204	110577.378	111520.959	943.581112	89.9010533	0	9.5	0	0	3
266	287	0	3.99500537	111557.785	111067.04	110601.461	111557.785	956.324688	89.7658908	0	9.3	0	0	3
267	288	0	4.01002418	111590.195	111096.12	110622.146	111590.195	968.048671	89.6323189	0	9.2	0	0	3
