Iteration	CPUTime	PhysTime	Travels	Value	AvValue	MinValue	MaxValue	Delta	Criteria	PrevAvRefValue	Progress	CriteriaType	CriteriaVarType	CriteriaPercentage
1	4	0	0.0150188172	-5.8186867	-5.8186867	-5.8186867	-5.8186867	0	0	0	0	0	0	3
2	5	0	0.0300376343	-5.67336265	-5.74602467	-5.8186867	-5.67336265	0.072662023	0	0	0	0	0	3
3	5	0	0.0450564515	-5.52467957	-5.67224297	-5.8186867	-5.52467957	0.146443723	0	0	0	0	0	3
4	6	0	0.0600752687	-5.37011896	-5.59671197	-5.8186867	-5.37011896	0.221974727	0	0	0	0	0	3
5	6	0	0.0750940858	-5.22302379	-5.52197433	-5.8186867	-5.22302379	0.296712362	0	0	0	0	0	3
6	7	0	0.090112903	-5.06815296	-5.44633744	-5.8186867	-5.06815296	0.372349258	0	0	0	0	0	3
7	8	0	0.10513172	-4.95220114	-5.37574654	-5.8186867	-4.95220114	0.442940158	0	0	0	0	0	3
8	8	0	0.120150537	-4.85484117	-5.31063337	-5.8186867	-4.85484117	0.508053329	0	0	0	0	0	3
9	9	0	0.135169354	-4.78258612	-5.25196145	-5.8186867	-4.78258612	0.566725245	0	0	0	0	0	3
10	10	0	0.150188172	-4.670736	-5.19383891	-5.8186867	-4.670736	0.62484779	0	0	0	0	0	3
11	11	0	0.165206989	2.33270372	-4.50960776	-5.8186867	2.33270372	1.30907894	0	0	0	0	0	3
12	11	0	0.180225806	3.44508272	-3.84671689	-5.8186867	3.44508272	1.97196981	0	0	0	0	0	3
13	12	0	0.195244623	3.49637334	-3.28186379	-5.8186867	3.49637334	2.53682291	0	0	0	0	0	3
14	13	0	0.21026344	3.49801457	-2.79758677	-5.8186867	3.49801457	3.02109993	0	0	0	0	0	3
15	14	0	0.225282257	3.49987616	-2.3777559	-5.8186867	3.49987616	3.44093079	0	0	0	0	0	3
16	14	0	0.240301075	3.49921728	-2.01044508	-5.8186867	3.49987616	3.80824162	0	0	0	0	0	3
17	15	0	0.255319892	3.49793799	-1.68642255	-5.8186867	3.49987616	4.13226415	0	0	0	0	0	3
18	16	0	0.270338709	3.50147687	-1.39820591	-5.8186867	3.50147687	4.42048078	0	0	0	0	0	3
19	17	0	0.285357526	3.50156044	-1.14032347	-5.8186867	3.50156044	4.67836322	0	0	0	0	0	3
20	17	0	0.300376343	3.50164897	-0.90822485	-5.8186867	3.50164897	4.91046185	0	0	0	0	0	3
21	18	0	0.31539516	3.50183968	-0.698221778	-5.8186867	3.50183968	5.12046492	0	0	0	0	0	3
22	19	0	0.330413978	3.49729024	-0.507516686	-5.8186867	3.50183968	5.31117001	0	0	0	0	0	3
23	20	0	0.345432795	3.49819435	-0.333355336	-5.8186867	3.50183968	5.48533136	0	0	0	0	0	3
24	21	0	0.360451612	3.50222377	-0.17353954	-5.8186867	3.50222377	5.64514716	0	0	0	0	0	3
25	22	0	0.375470429	3.49610478	-0.0267537677	-5.8186867	3.50222377	5.79193293	0	0	0	0	0	3
26	23	0	0.390489246	3.49946686	0.108870102	-5.8186867	3.50222377	5.9275568	0	0	0	0	0	3
27	23	0	0.405508063	3.50214478	0.234546942	-5.8186867	3.50222377	6.05323364	0	0	0	0	0	3
28	24	0	0.420526881	3.51249554	0.351616535	-5.8186867	3.51249554	6.17030323	0	0	0	0	0	3
29	25	0	0.435545698	3.50726693	0.460432066	-5.8186867	3.51249554	6.27911876	0	0	0	0	0	3
30	26	0	0.450564515	3.49425693	0.561559562	-5.8186867	3.51249554	6.38024626	0	0	0	0	0	3
31	28	0	0.465583332	3.48871178	0.655983827	-5.8186867	3.51249554	6.47467052	0	0	0	0	0	3
32	29	0	0.480602149	3.48867868	0.744505541	-5.8186867	3.51249554	6.56319224	0	0	0	0	0	3
33	31	0	0.495620966	3.49492268	0.827851515	-5.8186867	3.51249554	6.64653821	0	0	0	0	0	3
34	32	0	0.510639784	3.49728659	0.906364311	-5.8186867	3.51249554	6.72505101	0	0	0	0	0	3
35	33	0	0.525658601	3.4971293	1.1803589	-5.67336265	3.51249554	6.92638357	0	0	0	0	0	3
36	34	0	0.540677418	3.48941484	1.44985236	-5.52467957	3.51249554	7.12209533	0	0	0	0	0	3
37	36	0	0.555696235	3.24031211	1.70764623	-5.37011896	3.51249554	7.3043582	0	0	0	0	0	3
38	37	0	0.570715052	3.46009606	1.96735843	-5.22302379	3.51249554	7.48933277	0	0	0	0	0	3
39	38	0	0.585733869	3.48282524	2.22341282	-5.06815296	3.51249554	7.66975026	0	0	0	0	0	3
40	39	0	0.600752687	3.49301535	2.47521189	-4.95220114	3.51249554	7.85095842	0	0	0	0	0	3
41	40	0	0.615771504	3.48236786	2.72328744	-4.85484117	3.51249554	8.03392081	0	0	0	0	0	3
42	41	0	0.630790321	3.46958281	2.96812344	-4.78258612	3.51249554	8.2200849	0	0	0	0	0	3
43	42	0	0.645809138	3.48561654	3.21130587	-4.670736	3.51249554	8.18323154	0	0	0	0	0	3
44	42	0	0.660827955	3.48584186	3.45120522	2.33270372	3.51249554	1.17979181	0	0	0	0	0	3
45	44	0	0.675846772	3.46522833	3.48451477	3.24031211	3.51249554	0.272183429	0	0	0	0	0	3
46	44	0	0.69086559	3.47706349	3.48545538	3.24031211	3.51249554	0.272183429	0	0	0	0	0	3
47	45	0	0.705884407	3.49008305	3.48527037	3.24031211	3.51249554	0.272183429	0	0	0	0	0	3
48	46	0	0.720903224	3.48555191	3.48490382	3.24031211	3.51249554	0.272183429	0	0	0	0	0	3
49	47	0	0.735922041	3.50990824	3.48519889	3.24031211	3.51249554	0.272183429	0	0	0	0	0	3
50	48	0	0.750940858	3.41455936	3.48270895	3.24031211	3.51249554	0.272183429	0	0	0	0	0	3
51	49	0	0.765959675	3.46241399	3.48166412	3.24031211	3.51249554	0.272183429	0	0	0	0	0	3
52	50	0	0.780978493	3.47722912	3.48095095	3.24031211	3.51249554	0.272183429	0	0	0	0	0	3
53	51	0	0.79599731	3.48137331	3.48035722	3.24031211	3.51249554	0.272183429	0	0	0	0	0	3
54	52	0	0.811016127	3.48674468	3.47991885	3.24031211	3.51249554	0.272183429	0	0	0	0	0	3
55	53	0	0.826034944	3.47578414	3.47915251	3.24031211	3.51249554	0.272183429	0	0	0	0	0	3
56	54	0	0.841053761	3.48874224	3.4789011	3.24031211	3.51249554	0.272183429	0	0	0	0	0	3
57	55	0	0.856072578	3.48551833	3.47852828	3.24031211	3.51249554	0.272183429	0	0	0	0	0	3
58	56	0	0.871091396	3.49213649	3.47823159	3.24031211	3.51249554	0.272183429	0	0	0	0	0	3
59	57	0	0.886110213	3.48882878	3.47801759	3.24031211	3.51249554	0.272183429	0	0	0	0	0	3
60	58	0	0.90112903	3.46425455	3.47698194	3.24031211	3.51249554	0.272183429	0	0	0	0	0	3
61	60	0	0.916147847	3.46656939	3.4759356	3.24031211	3.51249554	0.272183429	0	0	0	0	0	3
62	60	0	0.931166664	3.46453659	3.47452505	3.24031211	3.50990824	0.269596139	0	0	0	0	0	3
63	61	0	0.946185481	3.62179763	3.4778936	3.24031211	3.62179763	0.381485526	0	0	0	0	0	3
64	62	0	0.961204299	3.63506753	3.48203508	3.24031211	3.63506753	0.394755423	0	0	0	0	0	3
65	63	0	0.976223116	3.60718795	3.48551968	3.24031211	3.63506753	0.394755423	0	0	0	0	0	3
66	64	0	0.991241933	3.53891596	3.48699724	3.24031211	3.63506753	0.394755423	0	0	0	0	0	3
67	65	0	1.00626075	3.50471467	3.48728524	3.24031211	3.63506753	0.394755423	0.274792413	0	69.6	0	0	3
68	66	0	1.02127957	3.50250119	3.48743861	3.24031211	3.63506753	0.394755423	0.274792413	0	69.6	0	0	3
69	67	0	1.03629838	3.48242044	3.487006	3.24031211	3.63506753	0.394755423	0.274792413	0	69.6	0	0	3
70	68	0	1.0513172	3.48137153	3.48676943	3.24031211	3.63506753	0.394755423	0.274792413	0	69.6	0	0	3
71	69	0	1.06633602	3.43473202	3.49248767	3.41455936	3.63506753	0.220508168	0.274792413	0	100	0	0	3
72	70	0	1.08135484	3.45005258	3.49219227	3.41455936	3.63506753	0.220508168	0.274792413	0	100	0	0	3
73	71	0	1.09637365	3.4702015	3.49182098	3.41455936	3.63506753	0.220508168	0.274792413	0	100	0	0	3
74	71	0	1.11139247	3.48812375	3.49167711	3.41455936	3.63506753	0.220508168	0.274792413	0	100	0	0	3
75	72	0	1.12641129	3.48705597	3.491815	3.41455936	3.63506753	0.220508168	0.274792413	0	100	0	0	3
76	73	0	1.1414301	3.48996529	3.49241448	3.41455936	3.63506753	0.220508168	0.274792413	0	100	0	0	3
77	74	0	1.15644892	3.48722147	3.49246169	3.41455936	3.63506753	0.0412824416	0.274792413	0	100	0	0	3
78	75	0	1.17146774	3.4825598	3.49236515	3.41455936	3.63506753	0.0179626196	0.274792413	0	100	0	0	3
79	77	0	1.18648656	3.48502723	3.49294748	3.41455936	3.63506753	0.0184224293	0.274792413	0	100	0	0	3
80	78	0	1.20150537	3.46094806	3.49247349	3.41455936	3.63506753	0.0184224293	0.274792413	0	100	0	0	3
81	79	0	1.21652419	3.43210629	3.49076829	3.41455936	3.63506753	0.0184224293	0.274792413	0	100	0	0	3
82	80	0	1.23154301	3.45361731	3.48982904	3.41455936	3.63506753	0.0184224293	0.274792413	0	100	0	0	3
83	81	0	1.24656182	3.62527877	3.49322229	3.41455936	3.63506753	0.0186972454	0.274792413	0	100	0	0	3
84	82	0	1.26158064	3.68052428	3.50104479	3.43210629	3.68052428	0.0265197429	0.274792413	0	100	0	0	3
85	83	0	1.27659946	3.57189755	3.50426489	3.43210629	3.68052428	0.0297398476	0.274792413	0	100	0	0	3
86	84	0	1.29161828	3.53009616	3.50581981	3.43210629	3.68052428	0.0312947605	0.274792413	0	100	0	0	3
87	85	0	1.30663709	3.51710476	3.50687073	3.43210629	3.68052428	0.0323456856	0.274792413	0	100	0	0	3
88	86	0	1.32165591	3.49471729	3.50710522	3.43210629	3.68052428	0.032580174	0.274792413	0	100	0	0	3
89	87	0	1.33667473	3.47217649	3.50699911	3.43210629	3.68052428	0.032580174	0.274792413	0	100	0	0	3
90	87	0	1.35169354	3.43322974	3.50536639	3.43210629	3.68052428	0.032580174	0.274792413	0	100	0	0	3
91	89	0	1.36671236	3.4781447	3.50514952	3.43210629	3.68052428	0.032580174	0.274792413	0	100	0	0	3
92	90	0	1.38173118	3.47524135	3.5046526	3.43210629	3.68052428	0.032580174	0.274792413	0	100	0	0	3
93	91	0	1.39675	3.48460701	3.50452844	3.43210629	3.68052428	0.032580174	0.274792413	0	100	0	0	3
94	92	0	1.41176881	3.48832285	3.50523633	3.43210629	3.68052428	0.032580174	0.274792413	0	100	0	0	3
95	93	0	1.42678763	3.48950176	3.50591081	3.43210629	3.68052428	0.032580174	0.274792413	0	100	0	0	3
96	94	0	1.44180645	3.48519584	3.50651843	3.43210629	3.68052428	0.0292116241	0.274792413	0	100	0	0	3
97	96	0	1.45682527	3.48332042	3.50244557	3.43210629	3.68052428	0.0250701359	0.274792413	0	100	0	0	3
98	97	0	1.47184408	3.4551087	3.49715267	3.43210629	3.68052428	0.021585543	0.274792413	0	100	0	0	3
99	98	0	1.4868629	3.45462079	3.4926654	3.43210629	3.68052428	0.0203357871	0.274792413	0	100	0	0	3
100	99	0	1.50188172	3.48271368	3.49101239	3.43210629	3.68052428	0.0203357871	0.274792413	0	100	0	0	3
101	100	0	1.51690053	3.56067379	3.49265825	3.43210629	3.68052428	0.0203357871	0.274792413	0	100	0	0	3
102	101	0	1.53191935	3.63506719	3.49655725	3.43210629	3.68052428	0.0203357871	0.274792413	0	100	0	0	3
103	102	0	1.54693817	3.59443705	3.49985185	3.43210629	3.68052428	0.0203357871	0.274792413	0	100	0	0	3
104	103	0	1.56195699	3.55693055	3.50207418	3.43210629	3.68052428	0.0172761794	0.274792413	0	100	0	0	3
105	104	0	1.5769758	3.51399559	3.50440546	3.43210629	3.68052428	0.0172761794	0.274792413	0	100	0	0	3
106	105	0	1.59199462	3.48993115	3.50557836	3.43210629	3.68052428	0.0172761794	0.274792413	0	100	0	0	3
107	106	0	1.60701344	3.47378944	3.50568388	3.43210629	3.68052428	0.0172761794	0.274792413	0	100	0	0	3
108	107	0	1.62203225	3.4319451	3.50403157	3.4319451	3.68052428	0.0172761794	0.274792413	0	100	0	0	3
109	108	0	1.63705107	3.47275381	3.50361092	3.4319451	3.68052428	0.0172761794	0.274792413	0	100	0	0	3
110	109	0	1.65206989	3.48361845	3.50342425	3.4319451	3.68052428	0.0172761794	0.274792413	0	100	0	0	3
111	110	0	1.66708871	3.48823408	3.50345403	3.4319451	3.68052428	0.0172761794	0.274792413	0	100	0	0	3
112	110	0	1.68210752	3.48565631	3.5035451	3.4319451	3.68052428	0.0172761794	0.274792413	0	100	0	0	3
113	112	0	1.69712634	3.49234022	3.50376019	3.4319451	3.68052428	0.0172761794	0.274792413	0	100	0	0	3
114	113	0	1.71214516	3.49191074	3.50467086	3.4319451	3.68052428	0.0172761794	0.274792413	0	100	0	0	3
115	114	0	1.72716397	3.48490027	3.50622362	3.4319451	3.68052428	0.0172761794	0.274792413	0	100	0	0	3
116	115	0	1.74218279	3.45368902	3.50622573	3.4319451	3.68052428	0.0160928306	0.274792413	0	100	0	0	3
117	117	0	1.75720161	3.4487519	3.50103377	3.4319451	3.68052428	0.0160928306	0.274792413	0	100	0	0	3
118	118	0	1.77222043	3.51275443	3.49609936	3.4319451	3.63506719	0.0160928306	0.274792413	0	100	0	0	3
119	118	0	1.78723924	3.58375108	3.49644799	3.4319451	3.63506719	0.0160928306	0.274792413	0	100	0	0	3
120	119	0	1.80225806	3.67365212	3.50067023	3.4319451	3.67365212	0.0160928306	0.274792413	0	100	0	0	3
121	120	0	1.81727688	3.55139373	3.50167872	3.4319451	3.67365212	0.0160928306	0.274792413	0	100	0	0	3
122	121	0	1.83229569	3.54262519	3.50308778	3.4319451	3.67365212	0.0159867231	0.274792413	0	100	0	0	3
123	122	0	1.84731451	3.51132954	3.50423934	3.4319451	3.67365212	0.0155060435	0.274792413	0	100	0	0	3
124	123	0	1.86233333	3.49096326	3.50593739	3.4319451	3.67365212	0.0155060435	0.274792413	0	100	0	0	3
125	124	0	1.87735215	3.4746184	3.50583367	3.4319451	3.67365212	0.0155060435	0.274792413	0	100	0	0	3
126	125	0	1.89237096	3.43768541	3.50472908	3.4319451	3.67365212	0.0155060435	0.274792413	0	100	0	0	3
127	126	0	1.90738978	3.47692572	3.50450316	3.4319451	3.67365212	0.0155060435	0.274792413	0	100	0	0	3
128	126	0	1.9224086	3.48346984	3.50436043	3.4319451	3.67365212	0.0155060435	0.274792413	0	100	0	0	3
129	127	0	1.93742741	3.4910302	3.50440538	3.4319451	3.67365212	0.0155060435	0.274792413	0	100	0	0	3
130	128	0	1.95244623	3.49003029	3.50454757	3.4319451	3.67365212	0.015213343	0.274792413	0	100	0	0	3
131	129	0	1.96746505	3.49000011	3.50474403	3.4319451	3.67365212	0.015213343	0.274792413	0	100	0	0	3
132	131	0	1.98248387	3.49141543	3.50581188	3.4319451	3.67365212	0.015213343	0.274792413	0	100	0	0	3
133	132	0	1.99750268	3.48698091	3.50676365	3.4319451	3.67365212	0.0157512568	0.274792413	0	100	0	0	3
134	133	0	2.0125215	3.45248843	3.50587467	3.4319451	3.67365212	0.0141054005	0.274792413	0	100	0	0	3
135	135	0	2.02754032	3.43529951	3.50218719	3.4319451	3.67365212	0.010664288	0.274792413	0	100	0	0	3
136	135	0	2.04255913	3.46919783	3.49730868	3.4319451	3.67365212	0.010664288	0.274792413	0	100	0	0	3
137	136	0	2.05757795	3.60559586	3.49763688	3.4319451	3.67365212	0.010664288	0.274792413	0	100	0	0	3
138	137	0	2.07259677	3.64223461	3.50014582	3.4319451	3.67365212	0.010664288	0.274792413	0	100	0	0	3
139	138	0	2.08761559	3.54941291	3.50118751	3.4319451	3.67365212	0.010664288	0.274792413	0	100	0	0	3
140	139	0	2.1026344	3.53154245	3.50241137	3.4319451	3.67365212	0.010664288	0.274792413	0	100	0	0	3
141	140	0	2.11765322	3.50968992	3.50346727	3.4319451	3.67365212	0.010664288	0.274792413	0	100	0	0	3
142	141	0	2.13267204	3.49270425	3.5052543	3.43529951	3.67365212	0.010664288	0.274792413	0	100	0	0	3
143	142	0	2.14769085	3.48013495	3.50547139	3.43529951	3.67365212	0.010664288	0.274792413	0	100	0	0	3
144	143	0	2.16270967	3.43889093	3.50415588	3.43529951	3.67365212	0.010664288	0.274792413	0	100	0	0	3
145	144	0	2.17772849	3.47540735	3.50377862	3.43529951	3.67365212	0.010664288	0.274792413	0	100	0	0	3
146	145	0	2.19274731	3.48890346	3.50387412	3.43529951	3.67365212	0.010664288	0.274792413	0	100	0	0	3
147	146	0	2.20776612	3.48319567	3.50360517	3.43529951	3.67365212	0.010664288	0.274792413	0	100	0	0	3
148	147	0	2.22278494	3.49065559	3.50356825	3.43529951	3.67365212	0.010664288	0.274792413	0	100	0	0	3
149	148	0	2.23780376	3.49263399	3.50379571	3.43529951	3.67365212	0.010664288	0.274792413	0	100	0	0	3
150	149	0	2.25282257	3.49181732	3.50491713	3.43529951	3.67365212	0.010664288	0.274792413	0	100	0	0	3
151	151	0	2.26784139	3.48651269	3.50602775	3.43529951	3.67365212	0.010664288	0.274792413	0	100	0	0	3
152	152	0	2.28286021	3.46390073	3.50459087	3.43529951	3.67365212	0.0103156547	0.274792413	0	100	0	0	3
153	153	0	2.29787903	3.44093847	3.5003905	3.43529951	3.67365212	0.00945496707	0.274792413	0	100	0	0	3
154	154	0	2.31289784	3.49488659	3.49513269	3.43529951	3.64223461	0.0116309549	0.274792413	0	100	0	0	3
155	155	0	2.32791666	3.57386858	3.49579372	3.43529951	3.64223461	0.0116309549	0.274792413	0	100	0	0	3
156	157	0	2.34293548	3.64393688	3.49877347	3.43529951	3.64393688	0.0116309549	0.274792413	0	100	0	0	3
157	159	0	2.35795429	3.5424331	3.49968828	3.43529951	3.64393688	0.0116309549	0.274792413	0	100	0	0	3
158	160	0	2.37297311	3.53077577	3.50085924	3.43529951	3.64393688	0.0116309549	0.274792413	0	100	0	0	3
159	161	0	2.38799193	3.51229018	3.50196723	3.43529951	3.64393688	0.0116309549	0.274792413	0	100	0	0	3
160	163	0	2.40301075	3.49500792	3.50365319	3.43529951	3.64393688	0.0116309549	0.274792413	0	100	0	0	3
161	163	0	2.41802956	3.48118095	3.50377834	3.43529951	3.64393688	0.0116309549	0.274792413	0	100	0	0	3
162	165	0	2.43304838	3.44496117	3.50264573	3.43529951	3.64393688	0.0116309549	0.274792413	0	100	0	0	3
163	166	0	2.4480672	3.4804585	3.5023348	3.43529951	3.64393688	0.0116309549	0.274792413	0	100	0	0	3
164	168	0	2.46308602	3.48139582	3.50208085	3.43529951	3.64393688	0.0116309549	0.274792413	0	100	0	0	3
165	169	0	2.47810483	3.49038742	3.50209224	3.43529951	3.64393688	0.0116309549	0.274792413	0	100	0	0	3
166	171	0	2.49312365	3.48959773	3.50203878	3.43529951	3.64393688	0.0116309549	0.274792413	0	100	0	0	3
167	173	0	2.50814247	3.49130197	3.50216587	3.43529951	3.64393688	0.0108950541	0.274792413	0	100	0	0	3
168	175	0	2.52316128	3.49276339	3.50335042	3.43529951	3.64393688	0.0108950541	0.274792413	0	100	0	0	3
169	178	0	2.5381801	3.48870604	3.5049212	3.43889093	3.64393688	0.0108950541	0.274792413	0	100	0	0	3
170	180	0	2.55319892	3.46790029	3.50488304	3.43889093	3.64393688	0.0108950541	0.274792413	0	100	0	0	3
171	183	0	2.56821774	3.44897156	3.50027644	3.43889093	3.64393688	0.0108950541	0.274792413	0	100	0	0	3
172	184	0	2.58323655	3.48594578	3.49567971	3.43889093	3.64393688	0.0108950541	0.274792413	0	100	0	0	3
173	185	0	2.59825537	3.57614768	3.49646603	3.43889093	3.64393688	0.0108950541	0.274792413	0	100	0	0	3
174	187	0	2.61327419	3.63950716	3.49964146	3.43889093	3.64393688	0.0108950541	0.274792413	0	100	0	0	3
175	189	0	2.628293	3.53473275	3.50037802	3.43889093	3.64393688	0.0108950541	0.274792413	0	100	0	0	3
176	190	0	2.64331182	3.53686517	3.50167687	3.43889093	3.64393688	0.0108950541	0.274792413	0	100	0	0	3
177	192	0	2.65833064	3.51256059	3.50263056	3.43889093	3.64393688	0.0108950541	0.274792413	0	100	0	0	3
178	193	0	2.67334946	3.49107443	3.50416537	3.44093847	3.64393688	0.0108950541	0.274792413	0	100	0	0	3
179	195	0	2.68836827	3.48128147	3.50433814	3.44093847	3.64393688	0.0108950541	0.274792413	0	100	0	0	3
180	196	0	2.70338709	3.4476319	3.50312427	3.44093847	3.64393688	0.0108950541	0.274792413	0	100	0	0	3
181	197	0	2.71840591	3.47801295	3.50297184	3.44093847	3.64393688	0.0108950541	0.274792413	0	100	0	0	3
182	198	0	2.73342472	3.48466463	3.50279563	3.44093847	3.64393688	0.0108950541	0.274792413	0	100	0	0	3
183	200	0	2.74844354	3.48871766	3.50268045	3.44093847	3.64393688	0.0108950541	0.274792413	0	100	0	0	3
184	201	0	2.76346236	3.49184736	3.50268133	3.44093847	3.64393688	0.0108950541	0.274792413	0	100	0	0	3
185	203	0	2.77848118	3.49281239	3.50286662	3.44093847	3.64393688	0.00978851362	0.274792413	0	100	0	0	3
186	205	0	2.79349999	3.49293782	3.50372065	3.44093847	3.64393688	0.00978851362	0.274792413	0	100	0	0	3
187	206	0	2.80851881	3.48887481	3.50513054	3.44496117	3.64393688	0.00999784968	0.274792413	0	100	0	0	3
188	208	0	2.82353763	3.47430865	3.50452531	3.44496117	3.64393688	0.00945082659	0.274792413	0	100	0	0	3
189	209	0	2.83855644	3.44959855	3.50087031	3.44496117	3.64393688	0.00945082659	0.274792413	0	100	0	0	3
190	210	0	2.85357526	3.48529351	3.49620433	3.44496117	3.63950716	0.00945082659	0.274792413	0	100	0	0	3
191	211	0	2.86859408	3.596383	3.49779109	3.44496117	3.63950716	0.00945082659	0.274792413	0	100	0	0	3
192	211	0	2.8836129	3.64683375	3.50120456	3.44496117	3.64683375	0.00945082659	0.274792413	0	100	0	0	3
193	213	0	2.89863171	3.54213245	3.50208227	3.44496117	3.64683375	0.00945082659	0.274792413	0	100	0	0	3
194	214	0	2.91365053	3.52865085	3.50307177	3.44496117	3.64683375	0.00945082659	0.274792413	0	100	0	0	3
195	215	0	2.92866935	3.50869396	3.50388098	3.44496117	3.64683375	0.00945082659	0.274792413	0	100	0	0	3
196	216	0	2.94368816	3.49539923	3.50536445	3.4476319	3.64683375	0.00968473293	0.274792413	0	100	0	0	3
197	217	0	2.95870698	3.48359714	3.50545676	3.4476319	3.64683375	0.00977704593	0.274792413	0	100	0	0	3
198	217	0	2.9737258	3.44407861	3.5043592	3.44407861	3.64683375	0.00977704593	0.274792413	0	100	0	0	3
199	218	0	2.98874462	3.47571602	3.50392768	3.44407861	3.64683375	0.00977704593	0.274792413	0	100	0	0	3
200	219	0	3.00376343	3.48552121	3.50380779	3.44407861	3.64683375	0.00977704593	0.274792413	0	100	0	0	3
201	221	0	3.01878225	3.4901207	3.50377304	3.44407861	3.64683375	0.00977704593	0.274792413	0	100	0	0	3
202	222	0	3.03380107	3.49044039	3.50370472	3.44407861	3.64683375	0.00977704593	0.274792413	0	100	0	0	3
203	223	0	3.04881988	3.49242063	3.50381397	3.44407861	3.64683375	0.00977704593	0.274792413	0	100	0	0	3
204	224	0	3.0638387	3.49387292	3.50457787	3.44407861	3.64683375	0.00977704593	0.274792413	0	100	0	0	3
205	226	0	3.07885752	3.4899242	3.50578236	3.44407861	3.64683375	0.0101026478	0.274792413	0	100	0	0	3
206	227	0	3.09387634	3.47137476	3.5053538	3.44407861	3.64683375	0.00957803722	0.274792413	0	100	0	0	3
207	228	0	3.10889515	3.45368201	3.50175187	3.44407861	3.64683375	0.00957803722	0.274792413	0	100	0	0	3
208	229	0	3.12391397	3.48761498	3.49728445	3.44407861	3.64683375	0.00957803722	0.274792413	0	100	0	0	3
209	230	0	3.13893279	3.59043218	3.49892267	3.44407861	3.64683375	0.00957803722	0.274792413	0	100	0	0	3
210	231	0	3.1539516	3.62971457	3.50165354	3.44407861	3.64683375	0.00957803722	0.274792413	0	100	0	0	3
211	232	0	3.16897042	3.53813976	3.50240587	3.44407861	3.64683375	0.00957803722	0.274792413	0	100	0	0	3
212	233	0	3.18398924	3.5261839	3.5034385	3.44407861	3.64683375	0.00957803722	0.274792413	0	100	0	0	3
213	233	0	3.19900806	3.50999535	3.50428302	3.44407861	3.64683375	0.00957803722	0.274792413	0	100	0	0	3
214	234	0	3.21402687	3.49675659	3.50572787	3.44407861	3.64683375	0.00957803722	0.274792413	0	100	0	0	3
215	235	0	3.22904569	3.48124832	3.50582303	3.44407861	3.64683375	0.00961870045	0.274792413	0	100	0	0	3
216	236	0	3.24406451	3.4491539	3.50477859	3.44407861	3.64683375	0.00961870045	0.274792413	0	100	0	0	3
217	237	0	3.25908332	3.48058078	3.50453927	3.44407861	3.64683375	0.00961870045	0.274792413	0	100	0	0	3
218	238	0	3.27410214	3.48464933	3.50432757	3.44407861	3.64683375	0.00961870045	0.274792413	0	100	0	0	3
219	239	0	3.28912096	3.48964444	3.50423439	3.44407861	3.64683375	0.00961870045	0.274792413	0	100	0	0	3
220	240	0	3.30413978	3.49140448	3.50418929	3.44407861	3.64683375	0.00961870045	0.274792413	0	100	0	0	3
221	241	0	3.31915859	3.49204649	3.50428258	3.44407861	3.64683375	0.00961870045	0.274792413	0	100	0	0	3
222	242	0	3.33417741	3.49474496	3.50488364	3.44407861	3.64683375	0.00961870045	0.274792413	0	100	0	0	3
223	244	0	3.34919623	3.4902316	3.50607873	3.44407861	3.64683375	0.00987440966	0.274792413	0	100	0	0	3
224	245	0	3.36421505	3.4763199	3.5058148	3.44407861	3.64683375	0.00879428021	0.274792413	0	100	0	0	3
225	247	0	3.37923386	3.46318763	3.50189729	3.44407861	3.64683375	0.00879428021	0.274792413	0	100	0	0	3
226	247	0	3.39425268	3.49042551	3.49729705	3.44407861	3.62971457	0.00879428021	0.274792413	0	100	0	0	3
227	248	0	3.4092715	3.59203577	3.4987648	3.44407861	3.62971457	0.00879428021	0.274792413	0	100	0	0	3
228	249	0	3.42429031	3.61519439	3.50131019	3.44407861	3.62971457	0.00879428021	0.274792413	0	100	0	0	3
229	250	0	3.43930913	3.54799776	3.50246619	3.44407861	3.62971457	0.00879428021	0.274792413	0	100	0	0	3
230	251	0	3.45432795	3.53594998	3.50365886	3.44407861	3.62971457	0.00879428021	0.274792413	0	100	0	0	3
231	252	0	3.46934677	3.51283504	3.5045188	3.44407861	3.62971457	0.00879428021	0.274792413	0	100	0	0	3
232	253	0	3.48436558	3.49266361	3.50594777	3.4491539	3.62971457	0.00879428021	0.274792413	0	100	0	0	3
233	254	0	3.4993844	3.482295	3.50614127	3.4491539	3.62971457	0.00885681141	0.274792413	0	100	0	0	3
234	255	0	3.51440322	3.44745601	3.5050217	3.44745601	3.62971457	0.00885681141	0.274792413	0	100	0	0	3
235	255	0	3.52942203	3.47588966	3.50460314	3.44745601	3.62971457	0.00885681141	0.274792413	0	100	0	0	3
236	256	0	3.54444085	3.50264828	3.5049622	3.44745601	3.62971457	0.00885681141	0.274792413	0	100	0	0	3
237	257	0	3.55945967	3.47305421	3.5043926	3.44745601	3.62971457	0.00885681141	0.274792413	0	100	0	0	3
238	258	0	3.57447849	3.49306783	3.50436892	3.44745601	3.62971457	0.00885681141	0.274792413	0	100	0	0	3
239	259	0	3.5894973	3.49191993	3.50442761	3.44745601	3.62971457	0.00885681141	0.274792413	0	100	0	0	3
240	260	0	3.60451612	3.49554242	3.50513843	3.44745601	3.62971457	0.00885681141	0.274792413	0	100	0	0	3
241	261	0	3.61953494	3.48003555	3.50591353	3.44745601	3.62971457	0.00885681141	0.274792413	0	100	0	0	3
242	263	0	3.63455375	3.47134535	3.50543501	3.44745601	3.62971457	0.00884421423	0.274792413	0	100	0	0	3
243	264	0	3.64957257	3.45960571	3.50158718	3.44745601	3.62971457	0.00884421423	0.274792413	0	100	0	0	3
244	265	0	3.66459139	3.48849768	3.49743374	3.44745601	3.61519439	0.00884421423	0.274792413	0	100	0	0	3
245	266	0	3.67961021	3.5679098	3.49830933	3.44745601	3.61519439	0.00884421423	0.274792413	0	100	0	0	3
246	266	0	3.69462902	3.62986044	3.50135864	3.44745601	3.62986044	0.00884421423	0.274792413	0	100	0	0	3
247	268	0	3.70964784	3.54863181	3.502495	3.44745601	3.62986044	0.00884421423	0.274792413	0	100	0	0	3
248	268	0	3.72466666	3.53087282	3.50349842	3.44745601	3.62986044	0.00884421423	0.274792413	0	100	0	0	3
249	269	0	3.73968547	3.5110617	3.50437529	3.44745601	3.62986044	0.00884421423	0.274792413	0	100	0	0	3
250	270	0	3.75470429	3.49240806	3.50564747	3.44745601	3.62986044	0.00884421423	0.274792413	0	100	0	0	3
251	271	0	3.76972311	3.48199163	3.50568896	3.44745601	3.62986044	0.00884421423	0.274792413	0	100	0	0	3
252	272	0	3.78474193	3.45148311	3.50471349	3.44745601	3.62986044	0.00884421423	0.274792413	0	100	0	0	3
253	273	0	3.79976074	3.48289518	3.50451498	3.44745601	3.62986044	0.00884421423	0.274792413	0	100	0	0	3
254	274	0	3.81477956	3.48446976	3.50431102	3.44745601	3.62986044	0.00884421423	0.274792413	0	100	0	0	3
255	275	0	3.82979838	3.49074189	3.50427265	3.44745601	3.62986044	0.00884421423	0.274792413	0	100	0	0	3
256	276	0	3.84481719	3.49186018	3.5041878	3.44745601	3.62986044	0.00884421423	0.274792413	0	100	0	0	3
257	277	0	3.85983601	3.49512385	3.50433169	3.44745601	3.62986044	0.00884421423	0.274792413	0	100	0	0	3
258	278	0	3.87485483	3.49598597	3.5049101	3.44745601	3.62986044	0.00884421423	0.274792413	0	100	0	0	3
259	279	0	3.88987365	3.48184791	3.50545893	3.44745601	3.62986044	0.00884421423	0.274792413	0	100	0	0	3
260	281	0	3.90489246	3.47364816	3.50496548	3.44745601	3.62986044	0.00870752727	0.274792413	0	100	0	0	3
261	282	0	3.91991128	3.46300859	3.50117057	3.44745601	3.62986044	0.00870752727	0.274792413	0	100	0	0	3
262	283	0	3.9349301	3.49498346	3.49763495	3.44745601	3.62986044	0.00870752727	0.274792413	0	100	0	0	3
263	284	0	3.94994891	3.57983838	3.49857144	3.44745601	3.62986044	0.00870752727	0.274792413	0	100	0	0	3
264	285	0	3.96496773	3.61295777	3.50083637	3.44745601	3.62986044	0.00870752727	0.274792413	0	100	0	0	3
265	286	0	3.97998655	3.54673774	3.50183351	3.44745601	3.62986044	0.00870752727	0.274792413	0	100	0	0	3
266	287	0	3.99500537	3.52756769	3.5028601	3.44745601	3.62986044	0.00870752727	0.274792413	0	100	0	0	3
267	288	0	4.01002418	3.51127988	3.5037126	3.44745601	3.62986044	0.00847979344	0.274792413	0	100	0	0	3
